YEAR|MONTH|product|Volumen|Valor (miles de €)|Precio medio kg|Consumo per capita|Gasto per capita
2018|1|TOTAL PATATAS|108430.72|84640.08|0.78|2.38|1.85
2018|1|PATATAS FRESCAS|79445.66|54688.29|0.69|1.74|1.2
2018|1|PATATAS CONGELADAS|3999.9|4857.79|1.21|0.09|0.11
2018|1|PATATAS PROCESADAS|4997.03|25094.0|5.02|0.11|0.55
2018|1|T.HORTALIZAS FRESCAS|209957.24|376688.56|1.79|4.6|8.25
2018|1|TOMATES|39934.35|67517.73|1.69|0.88|1.48
2018|1|CEBOLLAS|25922.07|26254.86|1.01|0.57|0.58
2018|1|AJOS|2572.64|10736.54|4.17|0.06|0.24
2018|1|COLES|7041.12|7624.86|1.08|0.15|0.17
2018|1|PEPINOS|4143.06|6335.35|1.53|0.09|0.14
2018|1|JUDIAS VERDES|7030.04|20346.43|2.89|0.15|0.45
2018|1|PIMIENTOS|15385.94|28593.29|1.86|0.34|0.63
2018|1|CHAMPIÑONES|5755.65|20953.66|3.64|0.13|0.46
2018|1|LECHUGAS|12038.11|33668.4|2.8|0.26|0.74
2018|1|ESPARRAGOS|1652.94|4690.18|2.84|0.04|0.1
2018|1|VERDURAS DE HOJA|4933.06|12175.73|2.47|0.11|0.27
2018|1|BERENJENAS|4383.37|7675.76|1.75|0.1|0.17
2018|1|ZANAHORIAS|13553.18|11335.57|0.84|0.3|0.25
2018|1|CALABACINES|15570.6|22163.4|1.42|0.34|0.49
2018|1|OTR.HORTALIZAS/VERD.|50041.09|96616.8|1.93|1.1|2.12
2018|1|BROCOLI|6535.18|8832.66|1.35|0.14|0.19
2018|1|ALCACHOFAS|8463.51|15419.97|1.82|0.19|0.34
2018|1|VERD./HORT. IV GAMA|23884.5|62694.01|2.62|0.52|1.37
2018|1|T.FRUTAS FRESCAS|324553.06|471462.16|1.45|7.11|10.33
2018|1|NARANJAS|96414.9|88258.06|0.92|2.11|1.93
2018|1|MANDARINAS|46857.48|63487.81|1.35|1.03|1.39
2018|1|LIMONES|9845.93|15014.88|1.52|0.22|0.33
2018|1|PLATANOS|51819.21|74986.61|1.45|1.14|1.64
2018|1|MANZANAS|39451.08|56157.49|1.42|0.86|1.23
2018|1|PERAS|20499.44|29642.59|1.45|0.45|0.65
2018|1|MELOCOTONES|86.1|190.03|2.21|0.0|0.0
2018|1|NECTARINAS|651.02|1149.49|1.77|0.01|0.03
2018|1|ALBARICOQUES|135.82|248.22|1.83|0.0|0.01
2018|1|FRESONES|8068.65|28425.57|3.52|0.18|0.62
2018|1|MELONES|5710.89|8844.92|1.55|0.13|0.19
2018|1|SANDIAS|266.36|330.45|1.24|0.01|0.01
2018|1|CIRUELAS|319.91|704.48|2.2|0.01|0.02
2018|1|CEREZAS|209.76|1053.96|5.02|0.0|0.02
2018|1|UVAS|3934.44|11780.84|2.99|0.09|0.26
2018|1|KIWI|11896.95|30964.88|2.6|0.26|0.68
2018|1|AGUACATE|4378.92|14662.16|3.35|0.1|0.32
2018|1|PIÑAS|8911.77|12318.0|1.38|0.2|0.27
2018|1|OTRAS FRUTAS FRESCAS|15094.43|33241.73|2.2|0.33|0.73
2018|1|POMELO|1221.08|1999.58|1.64|0.03|0.04
2018|1|CHIRIMOYAS|0.0|0.0|0.0|0.0|0.0
2018|1|FRUTAS IV GAMA|13972.33|22917.56|1.64|0.31|0.5
2018|2|TOTAL PATATAS|101633.34|79007.99|0.78|2.23|1.73
2018|2|PATATAS FRESCAS|73911.29|49850.85|0.67|1.62|1.09
2018|2|PATATAS CONGELADAS|3715.22|4642.52|1.25|0.08|0.1
2018|2|PATATAS PROCESADAS|4801.37|24514.62|5.11|0.11|0.54
2018|2|T.HORTALIZAS FRESCAS|199357.88|359202.25|1.8|4.37|7.87
2018|2|TOMATES|37209.3|60250.41|1.62|0.82|1.32
2018|2|CEBOLLAS|24194.45|25924.11|1.07|0.53|0.57
2018|2|AJOS|2532.72|10798.09|4.26|0.06|0.24
2018|2|COLES|6452.48|7135.05|1.11|0.14|0.16
2018|2|PEPINOS|3902.51|6407.31|1.64|0.09|0.14
2018|2|JUDIAS VERDES|6422.41|18848.0|2.93|0.14|0.41
2018|2|PIMIENTOS|14826.66|28302.04|1.91|0.32|0.62
2018|2|CHAMPIÑONES|5705.26|19958.32|3.5|0.13|0.44
2018|2|LECHUGAS|10972.67|30653.29|2.79|0.24|0.67
2018|2|ESPARRAGOS|2152.64|5875.58|2.73|0.05|0.13
2018|2|VERDURAS DE HOJA|5512.59|12337.75|2.24|0.12|0.27
2018|2|BERENJENAS|4469.76|7528.77|1.68|0.1|0.16
2018|2|ZANAHORIAS|12422.87|10391.97|0.84|0.27|0.23
2018|2|CALABACINES|13690.57|20066.47|1.47|0.3|0.44
2018|2|OTR.HORTALIZAS/VERD.|48890.99|94725.11|1.94|1.07|2.08
2018|2|BROCOLI|6199.6|9040.53|1.46|0.14|0.2
2018|2|ALCACHOFAS|9675.8|17145.1|1.77|0.21|0.38
2018|2|VERD./HORT. IV GAMA|21965.26|56940.49|2.59|0.48|1.25
2018|2|T.FRUTAS FRESCAS|288347.39|446796.68|1.55|6.32|9.79
2018|2|NARANJAS|87715.83|81368.38|0.93|1.92|1.78
2018|2|MANDARINAS|33476.7|52469.09|1.57|0.73|1.15
2018|2|LIMONES|7639.91|11819.99|1.55|0.17|0.26
2018|2|PLATANOS|47849.0|70443.1|1.47|1.05|1.54
2018|2|MANZANAS|37806.15|55038.5|1.46|0.83|1.21
2018|2|PERAS|19480.36|29079.24|1.49|0.43|0.64
2018|2|MELOCOTONES|141.57|401.68|2.84|0.0|0.01
2018|2|NECTARINAS|451.85|877.92|1.94|0.01|0.02
2018|2|ALBARICOQUES|234.64|530.45|2.26|0.01|0.01
2018|2|FRESONES|15578.14|51861.06|3.33|0.34|1.14
2018|2|MELONES|5239.94|6808.8|1.3|0.11|0.15
2018|2|SANDIAS|335.46|422.35|1.26|0.01|0.01
2018|2|CIRUELAS|715.36|2255.46|3.15|0.02|0.05
2018|2|CEREZAS|266.11|977.17|3.67|0.01|0.02
2018|2|UVAS|2164.77|8039.35|3.71|0.05|0.18
2018|2|KIWI|10840.21|29551.8|2.73|0.24|0.65
2018|2|AGUACATE|4086.17|13578.81|3.32|0.09|0.3
2018|2|PIÑAS|6290.74|9971.21|1.59|0.14|0.22
2018|2|OTRAS FRUTAS FRESCAS|8034.48|21302.31|2.65|0.18|0.47
2018|2|POMELO|1153.59|1902.81|1.65|0.03|0.04
2018|2|CHIRIMOYAS|0.0|0.0|0.0|0.0|0.0
2018|2|FRUTAS IV GAMA|13154.83|23371.23|1.78|0.29|0.51
2018|3|TOTAL PATATAS|111978.64|92382.14|0.82|2.45|2.02
2018|3|PATATAS FRESCAS|79299.74|56112.25|0.71|1.74|1.23
2018|3|PATATAS CONGELADAS|4270.74|5386.51|1.26|0.09|0.12
2018|3|PATATAS PROCESADAS|5681.63|30883.38|5.44|0.12|0.68
2018|3|T.HORTALIZAS FRESCAS|221895.39|401447.35|1.81|4.86|8.8
2018|3|TOMATES|43479.81|69575.29|1.6|0.95|1.52
2018|3|CEBOLLAS|27461.4|29958.02|1.09|0.6|0.66
2018|3|AJOS|2990.09|12276.59|4.11|0.07|0.27
2018|3|COLES|6138.42|6880.82|1.12|0.13|0.15
2018|3|PEPINOS|5054.0|7647.83|1.51|0.11|0.17
2018|3|JUDIAS VERDES|6803.28|20165.26|2.96|0.15|0.44
2018|3|PIMIENTOS|18018.29|33961.77|1.88|0.39|0.74
2018|3|CHAMPIÑONES|5590.33|20580.48|3.68|0.12|0.45
2018|3|LECHUGAS|12502.88|35947.81|2.88|0.27|0.79
2018|3|ESPARRAGOS|2965.76|6966.56|2.35|0.06|0.15
2018|3|VERDURAS DE HOJA|6189.65|14269.36|2.31|0.14|0.31
2018|3|BERENJENAS|5685.23|8813.36|1.55|0.12|0.19
2018|3|ZANAHORIAS|13025.84|11492.76|0.88|0.29|0.25
2018|3|CALABACINES|15030.79|20858.94|1.39|0.33|0.46
2018|3|OTR.HORTALIZAS/VERD.|50959.62|102052.5|2.0|1.12|2.24
2018|3|BROCOLI|5693.99|9177.42|1.61|0.12|0.2
2018|3|ALCACHOFAS|12808.06|19522.56|1.52|0.28|0.43
2018|3|VERD./HORT. IV GAMA|25511.08|66958.77|2.62|0.56|1.47
2018|3|T.FRUTAS FRESCAS|323953.56|515564.86|1.59|7.1|11.3
2018|3|NARANJAS|97836.07|92153.76|0.94|2.14|2.02
2018|3|MANDARINAS|26847.89|45930.9|1.71|0.59|1.01
2018|3|LIMONES|9016.69|13863.91|1.54|0.2|0.3
2018|3|PLATANOS|52610.8|78924.6|1.5|1.15|1.73
2018|3|MANZANAS|44012.83|65063.12|1.48|0.96|1.43
2018|3|PERAS|23735.3|35569.06|1.5|0.52|0.78
2018|3|MELOCOTONES|206.52|412.55|2.0|0.0|0.01
2018|3|NECTARINAS|410.47|869.49|2.12|0.01|0.02
2018|3|ALBARICOQUES|135.18|215.65|1.6|0.0|0.0
2018|3|FRESONES|24636.69|72994.2|2.96|0.54|1.6
2018|3|MELONES|6721.64|10366.26|1.54|0.15|0.23
2018|3|SANDIAS|2002.88|3676.57|1.84|0.04|0.08
2018|3|CIRUELAS|1396.01|4310.88|3.09|0.03|0.09
2018|3|CEREZAS|176.27|559.05|3.17|0.0|0.01
2018|3|UVAS|2654.99|9755.88|3.67|0.06|0.21
2018|3|KIWI|10792.71|29180.52|2.7|0.24|0.64
2018|3|AGUACATE|4471.08|16051.25|3.59|0.1|0.35
2018|3|PIÑAS|7434.82|11612.44|1.56|0.16|0.25
2018|3|OTRAS FRUTAS FRESCAS|8854.73|24054.77|2.72|0.19|0.53
2018|3|POMELO|1539.83|2734.97|1.78|0.03|0.06
2018|3|CHIRIMOYAS|0.0|0.0|0.0|0.0|0.0
2018|3|FRUTAS IV GAMA|16980.36|29997.89|1.77|0.37|0.66
2018|4|TOTAL PATATAS|107954.27|88040.23|0.82|2.37|1.93
2018|4|PATATAS FRESCAS|79187.59|56951.68|0.72|1.74|1.25
2018|4|PATATAS CONGELADAS|3746.78|4783.78|1.28|0.08|0.1
2018|4|PATATAS PROCESADAS|5003.98|26304.77|5.26|0.11|0.58
2018|4|T.HORTALIZAS FRESCAS|229968.6|403938.46|1.76|5.04|8.85
2018|4|TOMATES|45536.21|75309.32|1.65|1.0|1.65
2018|4|CEBOLLAS|26667.55|29996.3|1.12|0.58|0.66
2018|4|AJOS|2771.72|11574.22|4.18|0.06|0.25
2018|4|COLES|5389.82|5624.53|1.04|0.12|0.12
2018|4|PEPINOS|6665.06|8878.95|1.33|0.15|0.19
2018|4|JUDIAS VERDES|7945.56|20096.8|2.53|0.17|0.44
2018|4|PIMIENTOS|19474.38|32862.62|1.69|0.43|0.72
2018|4|CHAMPIÑONES|5401.64|19538.56|3.62|0.12|0.43
2018|4|LECHUGAS|13127.8|36274.3|2.76|0.29|0.79
2018|4|ESPARRAGOS|5380.82|13227.98|2.46|0.12|0.29
2018|4|VERDURAS DE HOJA|6326.53|13584.64|2.15|0.14|0.3
2018|4|BERENJENAS|6088.64|8272.12|1.36|0.13|0.18
2018|4|ZANAHORIAS|13173.98|12264.17|0.93|0.29|0.27
2018|4|CALABACINES|16335.34|20966.27|1.28|0.36|0.46
2018|4|OTR.HORTALIZAS/VERD.|49683.54|95467.67|1.92|1.09|2.09
2018|4|BROCOLI|5245.43|7999.01|1.52|0.11|0.18
2018|4|ALCACHOFAS|12990.27|16037.92|1.23|0.28|0.35
2018|4|VERD./HORT. IV GAMA|27306.67|69124.85|2.53|0.6|1.51
2018|4|T.FRUTAS FRESCAS|328838.75|529178.36|1.61|7.21|11.6
2018|4|NARANJAS|94388.69|91100.19|0.97|2.07|2.0
2018|4|MANDARINAS|20084.89|34236.9|1.7|0.44|0.75
2018|4|LIMONES|8709.46|13486.06|1.55|0.19|0.3
2018|4|PLATANOS|52679.79|80862.43|1.53|1.15|1.77
2018|4|MANZANAS|43615.94|66873.92|1.53|0.96|1.47
2018|4|PERAS|23511.94|36771.84|1.56|0.52|0.81
2018|4|MELOCOTONES|241.97|398.06|1.65|0.01|0.01
2018|4|NECTARINAS|679.38|1391.75|2.05|0.01|0.03
2018|4|ALBARICOQUES|232.93|640.69|2.75|0.01|0.01
2018|4|FRESONES|35330.17|81728.14|2.31|0.77|1.79
2018|4|MELONES|7250.64|13315.29|1.84|0.16|0.29
2018|4|SANDIAS|6149.65|10451.85|1.7|0.13|0.23
2018|4|CIRUELAS|1481.14|4485.6|3.03|0.03|0.1
2018|4|CEREZAS|49.58|159.05|3.21|0.0|0.0
2018|4|UVAS|2254.11|8438.45|3.74|0.05|0.18
2018|4|KIWI|11191.36|30706.13|2.74|0.25|0.67
2018|4|AGUACATE|4705.31|16378.71|3.48|0.1|0.36
2018|4|PIÑAS|7249.12|11934.19|1.65|0.16|0.26
2018|4|OTRAS FRUTAS FRESCAS|9032.68|25819.1|2.86|0.2|0.57
2018|4|POMELO|1486.16|2655.04|1.79|0.03|0.06
2018|4|CHIRIMOYAS|0.0|0.0|0.0|0.0|0.0
2018|4|FRUTAS IV GAMA|17838.57|31047.15|1.74|0.39|0.68
2018|5|TOTAL PATATAS|105696.43|89499.68|0.85|2.32|1.96
2018|5|PATATAS FRESCAS|76637.66|57617.24|0.75|1.68|1.26
2018|5|PATATAS CONGELADAS|3793.46|4746.93|1.25|0.08|0.1
2018|5|PATATAS PROCESADAS|5053.06|27135.51|5.37|0.11|0.59
2018|5|T.HORTALIZAS FRESCAS|227602.54|402871.85|1.77|4.99|8.83
2018|5|TOMATES|51320.23|82010.22|1.6|1.12|1.8
2018|5|CEBOLLAS|28258.86|30900.85|1.09|0.62|0.68
2018|5|AJOS|2681.02|10867.64|4.05|0.06|0.24
2018|5|COLES|4368.89|4431.69|1.01|0.1|0.1
2018|5|PEPINOS|8343.94|11694.47|1.4|0.18|0.26
2018|5|JUDIAS VERDES|8016.48|21366.07|2.67|0.18|0.47
2018|5|PIMIENTOS|17829.06|31846.18|1.79|0.39|0.7
2018|5|CHAMPIÑONES|5405.12|19359.97|3.58|0.12|0.42
2018|5|LECHUGAS|13630.56|38973.26|2.86|0.3|0.85
2018|5|ESPARRAGOS|7314.16|16039.44|2.19|0.16|0.35
2018|5|VERDURAS DE HOJA|4910.72|11405.82|2.32|0.11|0.25
2018|5|BERENJENAS|5410.98|7672.6|1.42|0.12|0.17
2018|5|ZANAHORIAS|12731.3|11844.43|0.93|0.28|0.26
2018|5|CALABACINES|14791.32|19368.93|1.31|0.32|0.42
2018|5|OTR.HORTALIZAS/VERD.|42589.9|85090.29|2.0|0.93|1.86
2018|5|BROCOLI|5504.52|7960.12|1.45|0.12|0.17
2018|5|ALCACHOFAS|7953.91|10825.99|1.36|0.17|0.24
2018|5|VERD./HORT. IV GAMA|27404.89|70165.72|2.56|0.6|1.54
2018|5|T.FRUTAS FRESCAS|352281.86|584041.18|1.66|7.72|12.8
2018|5|NARANJAS|87076.13|86327.37|0.99|1.91|1.89
2018|5|MANDARINAS|12632.42|21259.18|1.68|0.28|0.47
2018|5|LIMONES|8774.36|15573.6|1.77|0.19|0.34
2018|5|PLATANOS|51580.7|80808.44|1.57|1.13|1.77
2018|5|MANZANAS|39988.74|64250.72|1.61|0.88|1.41
2018|5|PERAS|20258.93|32811.3|1.62|0.44|0.72
2018|5|MELOCOTONES|4224.78|9014.73|2.13|0.09|0.2
2018|5|NECTARINAS|5028.93|9469.32|1.88|0.11|0.21
2018|5|ALBARICOQUES|8939.49|19611.37|2.19|0.2|0.43
2018|5|FRESONES|24724.77|57487.56|2.33|0.54|1.26
2018|5|MELONES|12411.87|20093.7|1.62|0.27|0.44
2018|5|SANDIAS|28116.87|36953.55|1.31|0.62|0.81
2018|5|CIRUELAS|1499.02|3981.04|2.66|0.03|0.09
2018|5|CEREZAS|4434.61|17298.27|3.9|0.1|0.38
2018|5|UVAS|2356.5|8242.78|3.5|0.05|0.18
2018|5|KIWI|10863.14|30477.81|2.81|0.24|0.67
2018|5|AGUACATE|5185.62|17126.16|3.3|0.11|0.38
2018|5|PIÑAS|8649.92|12936.01|1.5|0.19|0.28
2018|5|OTRAS FRUTAS FRESCAS|15535.06|40318.28|2.6|0.34|0.88
2018|5|POMELO|1527.19|2473.88|1.62|0.03|0.05
2018|5|CHIRIMOYAS|1.09|4.84|4.45|0.0|0.0
2018|5|FRUTAS IV GAMA|17743.28|31965.62|1.8|0.39|0.7
2018|6|TOTAL PATATAS|106137.65|95113.32|0.9|2.33|2.08
2018|6|PATATAS FRESCAS|76023.55|61917.07|0.81|1.67|1.36
2018|6|PATATAS CONGELADAS|3678.14|4637.48|1.26|0.08|0.1
2018|6|PATATAS PROCESADAS|5287.19|28558.77|5.4|0.12|0.63
2018|6|T.HORTALIZAS FRESCAS|219838.33|380514.0|1.73|4.82|8.34
2018|6|TOMATES|59438.64|85444.33|1.44|1.3|1.87
2018|6|CEBOLLAS|26524.09|30290.11|1.14|0.58|0.66
2018|6|AJOS|3355.8|13228.89|3.94|0.07|0.29
2018|6|COLES|3677.4|3820.3|1.04|0.08|0.08
2018|6|PEPINOS|12144.89|13947.11|1.15|0.27|0.31
2018|6|JUDIAS VERDES|7251.62|18942.72|2.61|0.16|0.42
2018|6|PIMIENTOS|16830.14|33243.38|1.98|0.37|0.73
2018|6|CHAMPIÑONES|4651.72|16819.67|3.62|0.1|0.37
2018|6|LECHUGAS|14582.46|41837.32|2.87|0.32|0.92
2018|6|ESPARRAGOS|4391.47|8453.56|1.92|0.1|0.19
2018|6|VERDURAS DE HOJA|3971.6|10046.18|2.53|0.09|0.22
2018|6|BERENJENAS|5792.23|7494.17|1.29|0.13|0.16
2018|6|ZANAHORIAS|11178.28|10767.24|0.96|0.24|0.24
2018|6|CALABACINES|15669.72|18105.47|1.16|0.34|0.4
2018|6|OTR.HORTALIZAS/VERD.|30378.28|68073.55|2.24|0.67|1.49
2018|6|BROCOLI|4049.27|6303.27|1.56|0.09|0.14
2018|6|ALCACHOFAS|2915.53|5083.8|1.74|0.06|0.11
2018|6|VERD./HORT. IV GAMA|27336.1|69680.0|2.55|0.6|1.53
2018|6|T.FRUTAS FRESCAS|392425.29|636499.88|1.62|8.6|13.95
2018|6|NARANJAS|60657.43|62105.51|1.02|1.33|1.36
2018|6|MANDARINAS|3503.18|5503.12|1.57|0.08|0.12
2018|6|LIMONES|9540.56|18416.64|1.93|0.21|0.4
2018|6|PLATANOS|42611.11|71599.46|1.68|0.93|1.57
2018|6|MANZANAS|28131.23|49781.58|1.77|0.62|1.09
2018|6|PERAS|13379.43|22323.86|1.67|0.29|0.49
2018|6|MELOCOTONES|19817.35|35958.8|1.81|0.43|0.79
2018|6|NECTARINAS|12491.1|21392.25|1.71|0.27|0.47
2018|6|ALBARICOQUES|17365.34|32713.66|1.88|0.38|0.72
2018|6|FRESONES|6142.81|16971.72|2.76|0.13|0.37
2018|6|MELONES|40677.26|45755.94|1.12|0.89|1.0
2018|6|SANDIAS|69532.98|64545.87|0.93|1.52|1.41
2018|6|CIRUELAS|2626.76|5483.45|2.09|0.06|0.12
2018|6|CEREZAS|23388.19|75012.07|3.21|0.51|1.64
2018|6|UVAS|1786.66|5985.63|3.35|0.04|0.13
2018|6|KIWI|9604.45|30194.17|3.14|0.21|0.66
2018|6|AGUACATE|4518.54|15965.2|3.53|0.1|0.35
2018|6|PIÑAS|7114.94|9643.89|1.36|0.16|0.21
2018|6|OTRAS FRUTAS FRESCAS|19535.98|47147.05|2.41|0.43|1.03
2018|6|POMELO|1286.45|2191.65|1.7|0.03|0.05
2018|6|CHIRIMOYAS|0.0|0.0|0.0|0.0|0.0
2018|6|FRUTAS IV GAMA|16625.01|28715.53|1.73|0.36|0.63
2018|7|TOTAL PATATAS|107767.93|99463.96|0.92|2.36|2.18
2018|7|PATATAS FRESCAS|77633.15|66562.4|0.86|1.7|1.46
2018|7|PATATAS CONGELADAS|3633.97|4378.59|1.2|0.08|0.1
2018|7|PATATAS PROCESADAS|5300.16|28522.97|5.38|0.12|0.63
2018|7|T.HORTALIZAS FRESCAS|224466.72|378657.19|1.69|4.92|8.3
2018|7|TOMATES|64821.56|92156.67|1.42|1.42|2.02
2018|7|CEBOLLAS|27568.97|30470.59|1.11|0.6|0.67
2018|7|AJOS|4246.59|14850.76|3.5|0.09|0.33
2018|7|COLES|3665.73|3748.13|1.02|0.08|0.08
2018|7|PEPINOS|14969.26|16439.85|1.1|0.33|0.36
2018|7|JUDIAS VERDES|9073.86|24421.79|2.69|0.2|0.54
2018|7|PIMIENTOS|20327.08|38667.8|1.9|0.45|0.85
2018|7|CHAMPIÑONES|3447.0|12310.83|3.57|0.08|0.27
2018|7|LECHUGAS|14679.17|40497.97|2.76|0.32|0.89
2018|7|ESPARRAGOS|1323.47|3472.81|2.62|0.03|0.08
2018|7|VERDURAS DE HOJA|3004.86|7546.14|2.51|0.07|0.17
2018|7|BERENJENAS|7538.51|10369.25|1.38|0.17|0.23
2018|7|ZANAHORIAS|11112.43|10593.76|0.95|0.24|0.23
2018|7|CALABACINES|15877.66|19672.96|1.24|0.35|0.43
2018|7|OTR.HORTALIZAS/VERD.|22810.57|53437.88|2.34|0.5|1.17
2018|7|BROCOLI|3668.21|5533.3|1.51|0.08|0.12
2018|7|ALCACHOFAS|1264.63|2627.85|2.08|0.03|0.06
2018|7|VERD./HORT. IV GAMA|26263.06|64706.08|2.46|0.58|1.42
2018|7|T.FRUTAS FRESCAS|407395.18|589757.57|1.45|8.93|12.92
2018|7|NARANJAS|36184.19|39464.2|1.09|0.79|0.86
2018|7|MANDARINAS|748.05|1225.68|1.64|0.02|0.03
2018|7|LIMONES|9885.05|20220.73|2.05|0.22|0.44
2018|7|PLATANOS|34972.86|58421.24|1.67|0.77|1.28
2018|7|MANZANAS|20574.59|37731.48|1.83|0.45|0.83
2018|7|PERAS|9588.03|16190.17|1.69|0.21|0.35
2018|7|MELOCOTONES|32083.95|51613.0|1.61|0.7|1.13
2018|7|NECTARINAS|21361.4|29788.41|1.39|0.47|0.65
2018|7|ALBARICOQUES|10280.86|19412.97|1.89|0.23|0.43
2018|7|FRESONES|1629.09|5384.99|3.31|0.04|0.12
2018|7|MELONES|65474.35|67436.62|1.03|1.43|1.48
2018|7|SANDIAS|91616.98|63591.36|0.69|2.01|1.39
2018|7|CIRUELAS|7361.34|13579.21|1.84|0.16|0.3
2018|7|CEREZAS|23445.63|66451.82|2.83|0.51|1.46
2018|7|UVAS|1897.68|5783.92|3.05|0.04|0.13
2018|7|KIWI|8592.3|27976.28|3.26|0.19|0.61
2018|7|AGUACATE|4683.91|15068.81|3.22|0.1|0.33
2018|7|PIÑAS|6145.11|8135.92|1.32|0.13|0.18
2018|7|OTRAS FRUTAS FRESCAS|20869.8|42280.75|2.03|0.46|0.93
2018|7|POMELO|1614.25|2767.67|1.71|0.04|0.06
2018|7|CHIRIMOYAS|0.0|0.0|0.0|0.0|0.0
2018|7|FRUTAS IV GAMA|18433.26|27881.77|1.51|0.4|0.61
2018|8|TOTAL PATATAS|100252.35|90625.66|0.9|2.2|1.99
2018|8|PATATAS FRESCAS|72059.79|59067.2|0.82|1.58|1.29
2018|8|PATATAS CONGELADAS|3623.89|4435.89|1.22|0.08|0.1
2018|8|PATATAS PROCESADAS|4913.73|27122.57|5.52|0.11|0.59
2018|8|T.HORTALIZAS FRESCAS|212940.55|361096.92|1.7|4.67|7.91
2018|8|TOMATES|67221.3|98794.43|1.47|1.47|2.16
2018|8|CEBOLLAS|27313.41|31784.37|1.16|0.6|0.7
2018|8|AJOS|2673.88|9511.16|3.56|0.06|0.21
2018|8|COLES|2700.61|2702.29|1.0|0.06|0.06
2018|8|PEPINOS|12025.73|13598.43|1.13|0.26|0.3
2018|8|JUDIAS VERDES|9181.17|22963.37|2.5|0.2|0.5
2018|8|PIMIENTOS|20986.78|37959.36|1.81|0.46|0.83
2018|8|CHAMPIÑONES|3078.67|11665.14|3.79|0.07|0.26
2018|8|LECHUGAS|12831.19|36593.72|2.85|0.28|0.8
2018|8|ESPARRAGOS|969.19|2699.64|2.79|0.02|0.06
2018|8|VERDURAS DE HOJA|2977.3|7699.27|2.59|0.07|0.17
2018|8|BERENJENAS|8627.6|11286.61|1.31|0.19|0.25
2018|8|ZANAHORIAS|10501.01|9772.34|0.93|0.23|0.21
2018|8|CALABACINES|13025.25|16446.19|1.26|0.29|0.36
2018|8|OTR.HORTALIZAS/VERD.|18827.46|47620.6|2.53|0.41|1.04
2018|8|BROCOLI|2215.04|3855.6|1.74|0.05|0.08
2018|8|ALCACHOFAS|555.63|1249.41|2.25|0.01|0.03
2018|8|VERD./HORT. IV GAMA|23386.66|58051.5|2.48|0.51|1.27
2018|8|T.FRUTAS FRESCAS|377138.76|522444.54|1.39|8.26|11.45
2018|8|NARANJAS|27808.13|33459.41|1.2|0.61|0.73
2018|8|MANDARINAS|740.07|1625.8|2.2|0.02|0.04
2018|8|LIMONES|8659.84|18718.55|2.16|0.19|0.41
2018|8|PLATANOS|30319.44|51258.95|1.69|0.66|1.12
2018|8|MANZANAS|18246.23|34912.94|1.91|0.4|0.77
2018|8|PERAS|13180.07|21767.59|1.65|0.29|0.48
2018|8|MELOCOTONES|33280.38|51831.81|1.56|0.73|1.14
2018|8|NECTARINAS|20465.76|29086.65|1.42|0.45|0.64
2018|8|ALBARICOQUES|2277.55|4662.6|2.05|0.05|0.1
2018|8|FRESONES|1109.93|4431.3|3.99|0.02|0.1
2018|8|MELONES|73007.98|67519.18|0.92|1.6|1.48
2018|8|SANDIAS|85835.25|56317.53|0.66|1.88|1.23
2018|8|CIRUELAS|12659.97|23661.55|1.87|0.28|0.52
2018|8|CEREZAS|7461.85|22786.25|3.05|0.16|0.5
2018|8|UVAS|6397.67|14694.51|2.3|0.14|0.32
2018|8|KIWI|8124.04|25872.53|3.18|0.18|0.57
2018|8|AGUACATE|4038.41|13591.41|3.37|0.09|0.3
2018|8|PIÑAS|3432.27|5430.23|1.58|0.08|0.12
2018|8|OTRAS FRUTAS FRESCAS|20093.93|40815.75|2.03|0.44|0.89
2018|8|POMELO|970.34|1832.69|1.89|0.02|0.04
2018|8|CHIRIMOYAS|0.0|0.0|0.0|0.0|0.0
2018|8|FRUTAS IV GAMA|17557.17|24785.28|1.41|0.38|0.54
2018|9|TOTAL PATATAS|107399.38|92536.28|0.86|2.35|2.03
2018|9|PATATAS FRESCAS|81335.02|63597.78|0.78|1.78|1.39
2018|9|PATATAS CONGELADAS|3202.79|3930.63|1.23|0.07|0.09
2018|9|PATATAS PROCESADAS|4572.31|25007.87|5.47|0.1|0.55
2018|9|T.HORTALIZAS FRESCAS|242615.08|444709.08|1.83|5.32|9.75
2018|9|TOMATES|69556.45|114326.6|1.64|1.52|2.51
2018|9|CEBOLLAS|30042.96|32882.0|1.09|0.66|0.72
2018|9|AJOS|4593.11|15782.97|3.44|0.1|0.35
2018|9|COLES|3627.39|4197.53|1.16|0.08|0.09
2018|9|PEPINOS|10972.52|13688.53|1.25|0.24|0.3
2018|9|JUDIAS VERDES|9675.9|30738.44|3.18|0.21|0.67
2018|9|PIMIENTOS|25495.0|45100.09|1.77|0.56|0.99
2018|9|CHAMPIÑONES|5109.5|25503.08|4.99|0.11|0.56
2018|9|LECHUGAS|13849.81|38716.22|2.8|0.3|0.85
2018|9|ESPARRAGOS|1513.65|3855.44|2.55|0.03|0.08
2018|9|VERDURAS DE HOJA|3831.34|9602.63|2.51|0.08|0.21
2018|9|BERENJENAS|7660.55|11685.53|1.53|0.17|0.26
2018|9|ZANAHORIAS|12505.98|11431.29|0.91|0.27|0.25
2018|9|CALABACINES|17626.78|23512.91|1.33|0.39|0.52
2018|9|OTR.HORTALIZAS/VERD.|26554.13|63685.82|2.4|0.58|1.4
2018|9|BROCOLI|3246.24|5846.8|1.8|0.07|0.13
2018|9|ALCACHOFAS|515.75|1212.51|2.35|0.01|0.03
2018|9|VERD./HORT. IV GAMA|26825.19|65620.45|2.45|0.59|1.44
2018|9|T.FRUTAS FRESCAS|382391.45|551663.52|1.44|8.38|12.09
2018|9|NARANJAS|28861.28|40287.32|1.4|0.63|0.88
2018|9|MANDARINAS|3738.57|7080.61|1.89|0.08|0.16
2018|9|LIMONES|8956.7|19498.07|2.18|0.2|0.43
2018|9|PLATANOS|38153.29|63572.1|1.67|0.84|1.39
2018|9|MANZANAS|32713.98|54384.53|1.66|0.72|1.19
2018|9|PERAS|21445.93|32432.12|1.51|0.47|0.71
2018|9|MELOCOTONES|30561.74|49033.85|1.6|0.67|1.07
2018|9|NECTARINAS|15797.58|23971.75|1.52|0.35|0.53
2018|9|ALBARICOQUES|728.89|1654.27|2.27|0.02|0.04
2018|9|FRESONES|786.66|3120.87|3.97|0.02|0.07
2018|9|MELONES|72052.01|55848.01|0.78|1.58|1.22
2018|9|SANDIAS|58114.64|36383.18|0.63|1.27|0.8
2018|9|CIRUELAS|13318.25|24433.55|1.83|0.29|0.54
2018|9|CEREZAS|852.11|2329.98|2.73|0.02|0.05
2018|9|UVAS|19200.42|38824.39|2.02|0.42|0.85
2018|9|KIWI|8710.31|28964.36|3.33|0.19|0.63
2018|9|AGUACATE|3844.01|14597.92|3.8|0.08|0.32
2018|9|PIÑAS|3998.31|7042.92|1.76|0.09|0.15
2018|9|OTRAS FRUTAS FRESCAS|20556.77|48203.72|2.34|0.45|1.06
2018|9|POMELO|1031.22|1936.46|1.88|0.02|0.04
2018|9|CHIRIMOYAS|0.0|0.0|0.0|0.0|0.0
2018|9|FRUTAS IV GAMA|16362.12|22518.6|1.38|0.36|0.49
2018|10|TOTAL PATATAS|118828.76|103351.07|0.87|2.6|2.26
2018|10|PATATAS FRESCAS|88636.39|71723.62|0.81|1.94|1.57
2018|10|PATATAS CONGELADAS|3968.79|5023.53|1.27|0.09|0.11
2018|10|PATATAS PROCESADAS|5244.72|26603.92|5.07|0.11|0.58
2018|10|PATATAS FRITAS|4182.2|25035.96|5.99|0.09|0.55
2018|10|T.HORTALIZAS FRESCAS|227552.96|425496.43|1.87|4.99|9.32
2018|10|TOMATES|50166.84|87140.08|1.74|1.1|1.91
2018|10|CEBOLLAS|28108.03|30845.61|1.1|0.62|0.68
2018|10|AJOS|2557.29|10238.14|4.0|0.06|0.22
2018|10|COLES|5197.61|6056.31|1.17|0.11|0.13
2018|10|PEPINOS|7537.08|10732.55|1.42|0.17|0.24
2018|10|JUDIAS VERDES|6617.29|20576.87|3.11|0.15|0.45
2018|10|PIMIENTOS|25912.39|46881.2|1.81|0.57|1.03
2018|10|CHAMPIÑONES|5895.66|27009.22|4.58|0.13|0.59
2018|10|LECHUGAS|13260.72|37820.73|2.85|0.29|0.83
2018|10|ESPARRAGOS|1620.56|4387.07|2.71|0.04|0.1
2018|10|VERDURAS DE HOJA|4955.05|11605.62|2.34|0.11|0.25
2018|10|BERENJENAS|7146.65|11159.32|1.56|0.16|0.24
2018|10|ZANAHORIAS|13860.46|12885.69|0.93|0.3|0.28
2018|10|CALABACINES|15878.8|22678.13|1.43|0.35|0.5
2018|10|OTR.HORTALIZAS/VERD.|38838.52|85479.89|2.2|0.85|1.87
2018|10|BROCOLI|4633.11|7784.53|1.68|0.1|0.17
2018|10|ALCACHOFAS|844.7|2286.03|2.71|0.02|0.05
2018|10|VERD./HORT. IV GAMA|28995.0|70714.64|2.44|0.64|1.55
2018|10|T.FRUTAS FRESCAS|352756.55|586426.38|1.66|7.73|12.85
2018|10|NARANJAS|38313.49|51743.8|1.35|0.84|1.13
2018|10|MANDARINAS|23546.76|35491.86|1.51|0.52|0.78
2018|10|LIMONES|10503.8|20258.65|1.93|0.23|0.44
2018|10|PLATANOS|46170.88|76099.3|1.65|1.01|1.67
2018|10|MANZANAS|46714.98|70431.72|1.51|1.02|1.54
2018|10|PERAS|24544.48|36872.22|1.5|0.54|0.81
2018|10|MELOCOTONES|16796.19|33350.3|1.99|0.37|0.73
2018|10|NECTARINAS|3947.63|6052.54|1.53|0.09|0.13
2018|10|ALBARICOQUES|627.45|1763.76|2.81|0.01|0.04
2018|10|FRESONES|1094.03|3630.05|3.32|0.02|0.08
2018|10|MELONES|43584.42|41513.24|0.95|0.96|0.91
2018|10|SANDIAS|13908.89|10845.18|0.78|0.3|0.24
2018|10|CIRUELAS|7834.43|14763.38|1.88|0.17|0.32
2018|10|CEREZAS|723.43|2052.39|2.84|0.02|0.04
2018|10|UVAS|20245.07|45118.57|2.23|0.44|0.99
2018|10|KIWI|11382.52|35854.73|3.15|0.25|0.79
2018|10|AGUACATE|5047.99|17239.66|3.42|0.11|0.38
2018|10|PIÑAS|5967.47|10142.77|1.7|0.13|0.22
2018|10|OTRAS FRUTAS FRESCAS|31802.64|73202.26|2.3|0.7|1.6
2018|10|POMELO|1102.07|1925.61|1.75|0.02|0.04
2018|10|CHIRIMOYAS|7.81|24.38|3.12|0.0|0.0
2018|10|FRUTAS IV GAMA|16475.8|30956.06|1.88|0.36|0.68
2018|11|TOTAL PATATAS|102803.4|91068.85|0.89|2.25|2.0
2018|11|PATATAS FRESCAS|74998.15|61055.52|0.81|1.64|1.34
2018|11|PATATAS CONGELADAS|3644.96|4550.48|1.25|0.08|0.1
2018|11|PATATAS PROCESADAS|4832.06|25462.85|5.27|0.11|0.56
2018|11|PATATAS FRITAS|3923.91|24170.15|6.16|0.09|0.53
2018|11|T.HORTALIZAS FRESCAS|198015.71|379194.59|1.91|4.34|8.31
2018|11|TOMATES|38510.74|66977.18|1.74|0.84|1.47
2018|11|CEBOLLAS|27566.55|28770.63|1.04|0.6|0.63
2018|11|AJOS|2544.7|10786.94|4.24|0.06|0.24
2018|11|COLES|6827.29|7996.66|1.17|0.15|0.18
2018|11|PEPINOS|4645.17|7550.3|1.63|0.1|0.17
2018|11|JUDIAS VERDES|6812.99|20722.3|3.04|0.15|0.45
2018|11|PIMIENTOS|15632.97|28636.08|1.83|0.34|0.63
2018|11|CHAMPIÑONES|6509.97|28950.75|4.45|0.14|0.63
2018|11|LECHUGAS|11306.83|32313.64|2.86|0.25|0.71
2018|11|ESPARRAGOS|1457.68|3817.18|2.62|0.03|0.08
2018|11|VERDURAS DE HOJA|5755.71|12565.77|2.18|0.13|0.28
2018|11|BERENJENAS|5288.15|8754.11|1.66|0.12|0.19
2018|11|ZANAHORIAS|12655.23|11147.78|0.88|0.28|0.24
2018|11|CALABACINES|11767.43|21406.61|1.82|0.26|0.47
2018|11|OTR.HORTALIZAS/VERD.|40734.3|88798.66|2.18|0.89|1.95
2018|11|BROCOLI|5416.76|8353.6|1.54|0.12|0.18
2018|11|ALCACHOFAS|1547.91|4708.13|3.04|0.03|0.1
2018|11|VERD./HORT. IV GAMA|24484.56|62014.02|2.53|0.54|1.36
2018|11|T.FRUTAS FRESCAS|317603.53|498882.17|1.57|6.96|10.93
2018|11|NARANJAS|58300.7|58273.29|1.0|1.28|1.28
2018|11|MANDARINAS|42572.29|54235.99|1.27|0.93|1.19
2018|11|LIMONES|8144.4|13980.26|1.72|0.18|0.31
2018|11|PLATANOS|46718.59|75210.79|1.61|1.02|1.65
2018|11|MANZANAS|46056.3|67036.95|1.46|1.01|1.47
2018|11|PERAS|21498.51|32607.88|1.52|0.47|0.71
2018|11|MELOCOTONES|3106.42|6620.48|2.13|0.07|0.15
2018|11|NECTARINAS|631.29|773.92|1.23|0.01|0.02
2018|11|ALBARICOQUES|189.17|334.6|1.77|0.0|0.01
2018|11|FRESONES|932.63|2717.29|2.91|0.02|0.06
2018|11|MELONES|9873.51|13743.22|1.39|0.22|0.3
2018|11|SANDIAS|1791.9|2415.03|1.35|0.04|0.05
2018|11|CIRUELAS|2415.47|4490.52|1.86|0.05|0.1
2018|11|CEREZAS|203.53|979.24|4.81|0.0|0.02
2018|11|UVAS|12991.17|32280.63|2.48|0.28|0.71
2018|11|KIWI|13404.4|39308.67|2.93|0.29|0.86
2018|11|AGUACATE|5146.95|16071.88|3.12|0.11|0.35
2018|11|PIÑAS|7336.3|9518.25|1.3|0.16|0.21
2018|11|OTRAS FRUTAS FRESCAS|36290.01|68283.28|1.88|0.8|1.5
2018|11|POMELO|1109.26|1913.15|1.72|0.02|0.04
2018|11|CHIRIMOYAS|11.81|24.86|2.11|0.0|0.0
2018|11|FRUTAS IV GAMA|15547.41|25874.5|1.66|0.34|0.57
2018|12|TOTAL PATATAS|111273.02|102110.23|0.92|2.44|2.24
2018|12|PATATAS FRESCAS|78220.3|65669.19|0.84|1.71|1.44
2018|12|PATATAS CONGELADAS|3751.81|4946.54|1.32|0.08|0.11
2018|12|PATATAS PROCESADAS|5860.18|31494.5|5.37|0.13|0.69
2018|12|PATATAS FRITAS|4755.75|29840.5|6.27|0.1|0.65
2018|12|T.HORTALIZAS FRESCAS|189799.11|365492.02|1.93|4.16|8.01
2018|12|TOMATES|37937.21|68158.81|1.8|0.83|1.49
2018|12|CEBOLLAS|25814.98|29395.15|1.14|0.57|0.64
2018|12|AJOS|2690.42|11107.07|4.13|0.06|0.24
2018|12|COLES|6494.95|8034.18|1.24|0.14|0.18
2018|12|PEPINOS|3899.22|5950.79|1.53|0.09|0.13
2018|12|JUDIAS VERDES|5926.22|16652.32|2.81|0.13|0.36
2018|12|PIMIENTOS|13950.54|27056.2|1.94|0.31|0.59
2018|12|CHAMPIÑONES|5785.83|25837.42|4.47|0.13|0.57
2018|12|LECHUGAS|12606.24|35629.11|2.83|0.28|0.78
2018|12|ESPARRAGOS|1180.25|3382.38|2.87|0.03|0.07
2018|12|VERDURAS DE HOJA|4184.41|10332.17|2.47|0.09|0.23
2018|12|BERENJENAS|3845.98|6521.06|1.7|0.08|0.14
2018|12|ZANAHORIAS|12123.87|10940.78|0.9|0.27|0.24
2018|12|CALABACINES|11395.31|17904.26|1.57|0.25|0.39
2018|12|OTR.HORTALIZAS/VERD.|41963.67|88590.32|2.11|0.92|1.94
2018|12|BROCOLI|5110.96|7416.66|1.45|0.11|0.16
2018|12|ALCACHOFAS|4510.1|9811.06|2.18|0.1|0.21
2018|12|VERD./HORT. IV GAMA|22156.79|59785.92|2.7|0.49|1.31
2018|12|T.FRUTAS FRESCAS|294882.98|450714.28|1.53|6.46|9.88
2018|12|NARANJAS|66397.9|61723.71|0.93|1.46|1.35
2018|12|MANDARINAS|44941.35|54528.09|1.21|0.98|1.19
2018|12|LIMONES|9008.91|13628.38|1.51|0.2|0.3
2018|12|PLATANOS|42540.82|70350.74|1.65|0.93|1.54
2018|12|MANZANAS|34623.41|50875.99|1.47|0.76|1.11
2018|12|PERAS|17945.58|26627.78|1.48|0.39|0.58
2018|12|MELOCOTONES|172.38|266.11|1.54|0.0|0.01
2018|12|NECTARINAS|796.09|825.22|1.04|0.02|0.02
2018|12|ALBARICOQUES|156.73|256.04|1.63|0.0|0.01
2018|12|FRESONES|1130.95|4505.21|3.98|0.02|0.1
2018|12|MELONES|6896.06|11056.15|1.6|0.15|0.24
2018|12|SANDIAS|207.32|416.12|2.01|0.0|0.01
2018|12|CIRUELAS|596.01|1066.33|1.79|0.01|0.02
2018|12|CEREZAS|685.99|2995.5|4.37|0.02|0.07
2018|12|UVAS|10876.07|28989.45|2.67|0.24|0.64
2018|12|KIWI|12206.34|33039.17|2.71|0.27|0.72
2018|12|AGUACATE|5288.58|16717.11|3.16|0.12|0.37
2018|12|PIÑAS|14555.96|18935.19|1.3|0.32|0.41
2018|12|OTRAS FRUTAS FRESCAS|25856.52|53911.98|2.09|0.57|1.18
2018|12|POMELO|1069.47|1881.55|1.76|0.02|0.04
2018|12|CHIRIMOYAS|14.19|69.62|4.91|0.0|0.0
2018|12|FRUTAS IV GAMA|12739.61|22506.8|1.77|0.28|0.49
2019|1|TOTAL PATATAS|109465.69|98564.75|0.9|2.37|2.14
2019|1|PATATAS FRESCAS|79929.19|66698.49|0.83|1.73|1.45
2019|1|PATATAS CONGELADAS|3846.64|4855.67|1.26|0.08|0.11
2019|1|PATATAS PROCESADAS|5137.97|27010.59|5.26|0.11|0.59
2019|1|PATATAS FRITAS|4107.22|25518.21|6.21|0.09|0.55
2019|1|T.HORTALIZAS FRESCAS|212480.62|407802.47|1.92|4.61|8.84
2019|1|TOMATES|39508.2|70691.74|1.79|0.86|1.53
2019|1|CEBOLLAS|27554.46|31535.65|1.14|0.6|0.68
2019|1|AJOS|2842.97|11172.94|3.93|0.06|0.24
2019|1|COLES|7957.95|9963.54|1.25|0.17|0.22
2019|1|PEPINOS|4171.28|6712.9|1.61|0.09|0.15
2019|1|JUDIAS VERDES|5390.95|18352.45|3.4|0.12|0.4
2019|1|PIMIENTOS|16221.12|31649.41|1.95|0.35|0.69
2019|1|CHAMPIÑONES|5786.94|22455.32|3.88|0.13|0.49
2019|1|LECHUGAS|13385.06|37768.28|2.82|0.29|0.82
2019|1|ESPARRAGOS|1275.81|3881.53|3.04|0.03|0.08
2019|1|VERDURAS DE HOJA|5139.15|12184.1|2.37|0.11|0.26
2019|1|BERENJENAS|3694.55|8111.14|2.2|0.08|0.18
2019|1|ZANAHORIAS|14048.02|12605.01|0.9|0.3|0.27
2019|1|CALABACINES|13376.17|24041.56|1.8|0.29|0.52
2019|1|OTR.HORTALIZAS/VERD.|52128.0|106676.9|2.05|1.13|2.31
2019|1|BROCOLI|6865.24|9535.59|1.39|0.15|0.21
2019|1|ALCACHOFAS|9609.03|18842.8|1.96|0.21|0.41
2019|1|APIO|2726.27|3965.95|1.45|0.06|0.09
2019|1|COLIFLOR|3010.72|4340.58|1.44|0.07|0.09
2019|1|VERD./HORT. IV GAMA|24622.38|68222.61|2.77|0.53|1.48
2019|1|PUERROS|4703.54|12932.78|2.75|0.1|0.28
2019|1|T.FRUTAS FRESCAS|320524.47|474026.64|1.48|6.95|10.28
2019|1|NARANJAS|90555.5|77640.5|0.86|1.96|1.68
2019|1|MANDARINAS|49162.16|59683.04|1.21|1.07|1.29
2019|1|LIMONES|8457.3|12073.88|1.43|0.18|0.26
2019|1|PLATANOS|49210.08|81173.34|1.65|1.07|1.76
2019|1|MANZANAS|40580.86|57749.23|1.42|0.88|1.25
2019|1|PERAS|20087.21|28791.27|1.43|0.44|0.62
2019|1|MELOCOTONES|111.93|167.8|1.5|0.0|0.0
2019|1|NECTARINAS|717.09|910.17|1.27|0.02|0.02
2019|1|ALBARICOQUES|172.92|265.06|1.53|0.0|0.01
2019|1|FRESONES|7040.89|27848.07|3.96|0.15|0.6
2019|1|MELONES|5494.63|8326.27|1.52|0.12|0.18
2019|1|SANDIAS|314.82|380.26|1.21|0.01|0.01
2019|1|CIRUELAS|473.82|973.84|2.06|0.01|0.02
2019|1|CEREZAS|139.86|899.87|6.43|0.0|0.02
2019|1|UVAS|5294.24|15511.76|2.93|0.11|0.34
2019|1|KIWI|11586.83|32261.33|2.78|0.25|0.7
2019|1|AGUACATE|5605.28|18510.93|3.3|0.12|0.4
2019|1|PIÑAS|9539.64|14441.56|1.51|0.21|0.31
2019|1|OTRAS FRUTAS FRESCAS|15979.4|36418.47|2.28|0.35|0.79
2019|1|POMELO|1262.43|2115.07|1.68|0.03|0.05
2019|1|CHIRIMOYAS|15.35|44.72|2.91|0.0|0.0
2019|1|MANGOS|2269.66|6126.89|2.7|0.05|0.13
2019|1|FRUTAS IV GAMA|15423.42|25196.75|1.63|0.33|0.55
2019|2|TOTAL PATATAS|99731.9|90350.52|0.91|2.16|1.96
2019|2|PATATAS FRESCAS|72061.93|60635.58|0.84|1.56|1.31
2019|2|PATATAS CONGELADAS|3612.25|4585.49|1.27|0.08|0.1
2019|2|PATATAS PROCESADAS|4811.54|25129.45|5.22|0.1|0.54
2019|2|PATATAS FRITAS|3926.5|23876.17|6.08|0.09|0.52
2019|2|T.HORTALIZAS FRESCAS|206595.31|388007.29|1.88|4.48|8.41
2019|2|TOMATES|38829.74|68021.54|1.75|0.84|1.47
2019|2|CEBOLLAS|25914.54|31681.42|1.22|0.56|0.69
2019|2|AJOS|2443.16|10279.97|4.21|0.05|0.22
2019|2|COLES|6703.91|8264.81|1.23|0.15|0.18
2019|2|PEPINOS|3820.55|6871.17|1.8|0.08|0.15
2019|2|JUDIAS VERDES|3905.98|16374.17|4.19|0.08|0.36
2019|2|PIMIENTOS|15664.82|30100.44|1.92|0.34|0.65
2019|2|CHAMPIÑONES|5342.55|20324.04|3.8|0.12|0.44
2019|2|LECHUGAS|12740.95|36180.3|2.84|0.28|0.78
2019|2|ESPARRAGOS|2187.73|4756.96|2.17|0.05|0.1
2019|2|VERDURAS DE HOJA|5732.15|12900.86|2.25|0.12|0.28
2019|2|BERENJENAS|4373.33|8046.83|1.84|0.09|0.17
2019|2|ZANAHORIAS|12742.79|11388.19|0.89|0.28|0.25
2019|2|CALABACINES|14846.31|23093.35|1.56|0.32|0.5
2019|2|OTR.HORTALIZAS/VERD.|51346.8|99723.23|1.94|1.11|2.16
2019|2|BROCOLI|6109.63|9192.84|1.5|0.13|0.2
2019|2|ALCACHOFAS|11879.87|19629.89|1.65|0.26|0.43
2019|2|APIO|2076.1|3009.68|1.45|0.05|0.07
2019|2|COLIFLOR|3688.95|4438.23|1.2|0.08|0.1
2019|2|VERD./HORT. IV GAMA|23466.33|63282.16|2.7|0.51|1.37
2019|2|PUERROS|4302.28|11201.67|2.6|0.09|0.24
2019|2|T.FRUTAS FRESCAS|302194.16|479617.93|1.59|6.55|10.4
2019|2|NARANJAS|86560.42|74248.29|0.86|1.88|1.61
2019|2|MANDARINAS|37587.58|51994.38|1.38|0.81|1.13
2019|2|LIMONES|7566.4|11532.39|1.52|0.16|0.25
2019|2|PLATANOS|48462.55|80430.78|1.66|1.05|1.74
2019|2|MANZANAS|40297.8|58101.91|1.44|0.87|1.26
2019|2|PERAS|19149.51|28360.3|1.48|0.42|0.61
2019|2|MELOCOTONES|143.01|246.22|1.72|0.0|0.01
2019|2|NECTARINAS|567.99|1188.45|2.09|0.01|0.03
2019|2|ALBARICOQUES|251.45|285.39|1.13|0.01|0.01
2019|2|FRESONES|19620.16|65757.77|3.35|0.43|1.43
2019|2|MELONES|4665.6|7765.56|1.66|0.1|0.17
2019|2|SANDIAS|212.63|445.37|2.09|0.0|0.01
2019|2|CIRUELAS|864.86|2017.96|2.33|0.02|0.04
2019|2|CEREZAS|62.6|423.56|6.77|0.0|0.01
2019|2|UVAS|3439.24|12135.51|3.53|0.07|0.26
2019|2|KIWI|10914.48|30019.18|2.75|0.24|0.65
2019|2|AGUACATE|5005.88|17784.42|3.55|0.11|0.39
2019|2|PIÑAS|7068.32|11680.34|1.65|0.15|0.25
2019|2|OTRAS FRUTAS FRESCAS|9753.68|25200.17|2.58|0.21|0.55
2019|2|POMELO|1486.54|2692.08|1.81|0.03|0.06
2019|2|CHIRIMOYAS|4.14|28.5|6.89|0.0|0.0
2019|2|MANGOS|2511.43|6501.23|2.59|0.05|0.14
2019|2|FRUTAS IV GAMA|13514.38|24993.46|1.85|0.29|0.54
2019|3|TOTAL PATATAS|106250.4|99321.95|0.93|2.3|2.15
2019|3|PATATAS FRESCAS|76773.78|66377.2|0.86|1.66|1.44
2019|3|PATATAS CONGELADAS|3696.36|4677.04|1.27|0.08|0.1
2019|3|PATATAS PROCESADAS|5156.05|28267.71|5.48|0.11|0.61
2019|3|PATATAS FRITAS|4236.67|26848.46|6.34|0.09|0.58
2019|3|T.HORTALIZAS FRESCAS|228602.28|426579.89|1.87|4.96|9.25
2019|3|TOMATES|44314.17|77026.26|1.74|0.96|1.67
2019|3|CEBOLLAS|27553.74|36332.75|1.32|0.6|0.79
2019|3|AJOS|2773.22|11266.71|4.06|0.06|0.24
2019|3|COLES|5886.22|6976.06|1.19|0.13|0.15
2019|3|PEPINOS|4931.17|8730.47|1.77|0.11|0.19
2019|3|JUDIAS VERDES|6390.25|20666.58|3.23|0.14|0.45
2019|3|PIMIENTOS|16885.87|33489.66|1.98|0.37|0.73
2019|3|CHAMPIÑONES|5933.91|22379.09|3.77|0.13|0.49
2019|3|LECHUGAS|15028.88|41891.97|2.79|0.33|0.91
2019|3|ESPARRAGOS|4757.93|9404.12|1.98|0.1|0.2
2019|3|VERDURAS DE HOJA|5900.23|13369.24|2.27|0.13|0.29
2019|3|BERENJENAS|6267.27|8432.39|1.35|0.14|0.18
2019|3|ZANAHORIAS|12664.71|11609.77|0.92|0.27|0.25
2019|3|CALABACINES|16054.91|20233.42|1.26|0.35|0.44
2019|3|OTR.HORTALIZAS/VERD.|53259.8|104771.4|1.97|1.15|2.27
2019|3|BROCOLI|5825.76|8650.19|1.48|0.13|0.19
2019|3|ALCACHOFAS|12314.1|18076.22|1.47|0.27|0.39
2019|3|APIO|1426.19|2210.84|1.55|0.03|0.05
2019|3|COLIFLOR|3512.95|4183.92|1.19|0.08|0.09
2019|3|VERD./HORT. IV GAMA|26850.41|72414.5|2.7|0.58|1.57
2019|3|PUERROS|4271.48|11661.54|2.73|0.09|0.25
2019|3|T.FRUTAS FRESCAS|339129.81|542032.77|1.6|7.35|11.75
2019|3|NARANJAS|96625.02|85468.41|0.88|2.09|1.85
2019|3|MANDARINAS|28174.41|43869.34|1.56|0.61|0.95
2019|3|LIMONES|8357.41|11719.74|1.4|0.18|0.25
2019|3|PLATANOS|54868.69|91288.67|1.66|1.19|1.98
2019|3|MANZANAS|46754.61|66893.34|1.43|1.01|1.45
2019|3|PERAS|21990.28|32369.63|1.47|0.48|0.7
2019|3|MELOCOTONES|66.46|101.42|1.53|0.0|0.0
2019|3|NECTARINAS|699.65|1605.53|2.29|0.02|0.03
2019|3|ALBARICOQUES|129.26|191.82|1.48|0.0|0.0
2019|3|FRESONES|35088.2|93849.38|2.67|0.76|2.03
2019|3|MELONES|5665.43|9716.91|1.72|0.12|0.21
2019|3|SANDIAS|2588.98|4386.56|1.69|0.06|0.1
2019|3|CIRUELAS|1309.59|3704.72|2.83|0.03|0.08
2019|3|CEREZAS|77.09|315.87|4.1|0.0|0.01
2019|3|UVAS|3263.66|11947.57|3.66|0.07|0.26
2019|3|KIWI|12224.85|31190.28|2.55|0.27|0.68
2019|3|AGUACATE|5563.53|19427.08|3.49|0.12|0.42
2019|3|PIÑAS|7830.2|12036.14|1.54|0.17|0.26
2019|3|OTRAS FRUTAS FRESCAS|7852.49|21950.35|2.8|0.17|0.48
2019|3|POMELO|1139.76|1898.89|1.67|0.02|0.04
2019|3|CHIRIMOYAS|4.71|34.72|7.37|0.0|0.0
2019|3|MANGOS|2374.6|5847.57|2.46|0.05|0.13
2019|3|FRUTAS IV GAMA|16505.98|29554.61|1.79|0.36|0.64
2019|4|TOTAL PATATAS|105168.17|99384.49|0.95|2.28|2.15
2019|4|PATATAS FRESCAS|74953.7|66417.38|0.89|1.63|1.44
2019|4|PATATAS CONGELADAS|3690.24|4763.32|1.29|0.08|0.1
2019|4|PATATAS PROCESADAS|5304.85|28203.79|5.32|0.12|0.61
2019|4|PATATAS FRITAS|4372.65|26829.57|6.14|0.09|0.58
2019|4|T.HORTALIZAS FRESCAS|210916.55|399422.96|1.89|4.57|8.66
2019|4|TOMATES|41122.87|73126.58|1.78|0.89|1.59
2019|4|CEBOLLAS|26626.49|38176.09|1.43|0.58|0.83
2019|4|AJOS|2788.76|12003.36|4.3|0.06|0.26
2019|4|COLES|4484.52|5422.68|1.21|0.1|0.12
2019|4|PEPINOS|5787.47|9025.77|1.56|0.13|0.2
2019|4|JUDIAS VERDES|6814.45|19594.8|2.88|0.15|0.42
2019|4|PIMIENTOS|16903.2|32420.24|1.92|0.37|0.7
2019|4|CHAMPIÑONES|5428.95|20463.25|3.77|0.12|0.44
2019|4|LECHUGAS|13665.81|39298.91|2.88|0.3|0.85
2019|4|ESPARRAGOS|5852.42|12484.74|2.13|0.13|0.27
2019|4|VERDURAS DE HOJA|5340.62|12817.86|2.4|0.12|0.28
2019|4|BERENJENAS|5646.54|7303.74|1.29|0.12|0.16
2019|4|ZANAHORIAS|12854.81|11439.02|0.89|0.28|0.25
2019|4|CALABACINES|15121.78|19651.76|1.3|0.33|0.43
2019|4|OTR.HORTALIZAS/VERD.|42477.87|86194.16|2.03|0.92|1.87
2019|4|BROCOLI|4172.13|7392.98|1.77|0.09|0.16
2019|4|ALCACHOFAS|8982.37|13163.47|1.47|0.19|0.29
2019|4|APIO|1933.27|2721.93|1.41|0.04|0.06
2019|4|COLIFLOR|2524.3|3477.72|1.38|0.05|0.08
2019|4|VERD./HORT. IV GAMA|26112.5|67692.55|2.59|0.57|1.47
2019|4|PUERROS|3925.41|9873.93|2.52|0.09|0.21
2019|4|T.FRUTAS FRESCAS|320577.94|493202.08|1.54|6.95|10.69
2019|4|NARANJAS|87111.72|77421.83|0.89|1.89|1.68
2019|4|MANDARINAS|20956.3|33599.41|1.6|0.45|0.73
2019|4|LIMONES|8322.41|11370.52|1.37|0.18|0.25
2019|4|PLATANOS|53360.34|81012.98|1.52|1.16|1.76
2019|4|MANZANAS|43075.84|61119.78|1.42|0.93|1.33
2019|4|PERAS|19363.55|28906.31|1.49|0.42|0.63
2019|4|MELOCOTONES|256.07|784.23|3.06|0.01|0.02
2019|4|NECTARINAS|569.51|1284.37|2.26|0.01|0.03
2019|4|ALBARICOQUES|241.9|605.8|2.5|0.01|0.01
2019|4|FRESONES|38353.43|77492.2|2.02|0.83|1.68
2019|4|MELONES|5299.18|9949.43|1.88|0.11|0.22
2019|4|SANDIAS|7113.98|10994.26|1.55|0.15|0.24
2019|4|CIRUELAS|1449.88|3797.62|2.62|0.03|0.08
2019|4|CEREZAS|148.23|357.48|2.41|0.0|0.01
2019|4|UVAS|2696.34|10082.0|3.74|0.06|0.22
2019|4|KIWI|10978.44|27363.95|2.49|0.24|0.59
2019|4|AGUACATE|5054.29|18251.89|3.61|0.11|0.4
2019|4|PIÑAS|7283.26|12054.17|1.66|0.16|0.26
2019|4|OTRAS FRUTAS FRESCAS|8943.25|26753.86|2.99|0.19|0.58
2019|4|POMELO|1374.62|2541.58|1.85|0.03|0.06
2019|4|CHIRIMOYAS|6.44|36.93|5.74|0.0|0.0
2019|4|MANGOS|2003.31|5308.18|2.65|0.04|0.12
2019|4|FRUTAS IV GAMA|18350.0|30852.59|1.68|0.4|0.67
2019|5|TOTAL PATATAS|109573.5|109738.7|1.0|2.38|2.38
2019|5|PATATAS FRESCAS|79597.13|76422.54|0.96|1.73|1.66
2019|5|PATATAS CONGELADAS|3354.12|4272.79|1.27|0.07|0.09
2019|5|PATATAS PROCESADAS|5324.45|29043.37|5.45|0.12|0.63
2019|5|PATATAS FRITAS|4351.76|27605.8|6.34|0.09|0.6
2019|5|T.HORTALIZAS FRESCAS|227480.0|422079.9|1.86|4.93|9.15
2019|5|TOMATES|53400.39|87081.37|1.63|1.16|1.89
2019|5|CEBOLLAS|27662.09|37451.85|1.35|0.6|0.81
2019|5|AJOS|2553.69|10486.55|4.11|0.06|0.23
2019|5|COLES|4500.2|5236.86|1.16|0.1|0.11
2019|5|PEPINOS|9193.34|12124.76|1.32|0.2|0.26
2019|5|JUDIAS VERDES|6432.45|18487.09|2.87|0.14|0.4
2019|5|PIMIENTOS|17326.8|35501.33|2.05|0.38|0.77
2019|5|CHAMPIÑONES|4842.19|18366.37|3.79|0.1|0.4
2019|5|LECHUGAS|17761.93|47659.8|2.68|0.39|1.03
2019|5|ESPARRAGOS|6254.74|15504.88|2.48|0.14|0.34
2019|5|VERDURAS DE HOJA|5101.34|11675.68|2.29|0.11|0.25
2019|5|BERENJENAS|5917.61|8184.87|1.38|0.13|0.18
2019|5|ZANAHORIAS|13126.71|12413.07|0.95|0.28|0.27
2019|5|CALABACINES|16727.5|20508.54|1.23|0.36|0.44
2019|5|OTR.HORTALIZAS/VERD.|36679.02|81396.88|2.22|0.8|1.76
2019|5|BROCOLI|5549.96|9011.15|1.62|0.12|0.2
2019|5|ALCACHOFAS|6753.87|10971.72|1.62|0.15|0.24
2019|5|APIO|1778.8|2580.13|1.45|0.04|0.06
2019|5|COLIFLOR|1896.22|2916.65|1.54|0.04|0.06
2019|5|VERD./HORT. IV GAMA|26386.09|70945.69|2.69|0.57|1.54
2019|5|PUERROS|3482.02|9659.86|2.77|0.08|0.21
2019|5|T.FRUTAS FRESCAS|370503.85|580001.11|1.57|8.03|12.57
2019|5|NARANJAS|80403.42|73674.84|0.92|1.74|1.6
2019|5|MANDARINAS|13654.12|20142.82|1.48|0.3|0.44
2019|5|LIMONES|9154.47|13579.38|1.48|0.2|0.29
2019|5|PLATANOS|54548.78|80933.72|1.48|1.18|1.75
2019|5|MANZANAS|39935.02|57560.96|1.44|0.87|1.25
2019|5|PERAS|17830.52|27484.85|1.54|0.39|0.6
2019|5|MELOCOTONES|5313.74|10829.8|2.04|0.12|0.23
2019|5|NECTARINAS|6630.02|11468.84|1.73|0.14|0.25
2019|5|ALBARICOQUES|10952.13|21357.2|1.95|0.24|0.46
2019|5|FRESONES|23639.81|55128.59|2.33|0.51|1.2
2019|5|MELONES|15759.3|23341.52|1.48|0.34|0.51
2019|5|SANDIAS|42600.56|42015.08|0.99|0.92|0.91
2019|5|CIRUELAS|1065.13|2570.94|2.41|0.02|0.06
2019|5|CEREZAS|7691.78|30447.44|3.96|0.17|0.66
2019|5|UVAS|2582.79|9495.15|3.68|0.06|0.21
2019|5|KIWI|10649.72|28694.3|2.69|0.23|0.62
2019|5|AGUACATE|5860.73|19998.81|3.41|0.13|0.43
2019|5|PIÑAS|7808.78|12424.36|1.59|0.17|0.27
2019|5|OTRAS FRUTAS FRESCAS|14423.03|38852.51|2.69|0.31|0.84
2019|5|POMELO|1239.11|2080.35|1.68|0.03|0.05
2019|5|CHIRIMOYAS|7.11|43.12|6.07|0.0|0.0
2019|5|MANGOS|2315.89|5150.7|2.22|0.05|0.11
2019|5|FRUTAS IV GAMA|17868.25|30287.99|1.7|0.39|0.66
2019|6|TOTAL PATATAS|101392.61|98681.52|0.97|2.2|2.14
2019|6|PATATAS FRESCAS|72504.11|66855.12|0.92|1.57|1.45
2019|6|PATATAS CONGELADAS|3160.06|3982.17|1.26|0.07|0.09
2019|6|PATATAS PROCESADAS|5145.69|27844.23|5.41|0.11|0.6
2019|6|PATATAS FRITAS|4407.35|26763.15|6.07|0.1|0.58
2019|6|T.HORTALIZAS FRESCAS|218983.07|400928.82|1.83|4.75|8.69
2019|6|TOMATES|59844.82|94387.51|1.58|1.3|2.05
2019|6|CEBOLLAS|26750.28|35809.58|1.34|0.58|0.78
2019|6|AJOS|2697.26|10311.1|3.82|0.06|0.22
2019|6|COLES|4056.14|4625.53|1.14|0.09|0.1
2019|6|PEPINOS|11938.75|14649.36|1.23|0.26|0.32
2019|6|JUDIAS VERDES|6284.49|19870.88|3.16|0.14|0.43
2019|6|PIMIENTOS|18234.67|37015.1|2.03|0.4|0.8
2019|6|CHAMPIÑONES|4468.85|16482.8|3.69|0.1|0.36
2019|6|LECHUGAS|17547.01|45469.6|2.59|0.38|0.99
2019|6|ESPARRAGOS|2862.48|7078.54|2.47|0.06|0.15
2019|6|VERDURAS DE HOJA|3803.09|9478.95|2.49|0.08|0.21
2019|6|BERENJENAS|5895.82|8399.68|1.42|0.13|0.18
2019|6|ZANAHORIAS|12206.94|11452.29|0.94|0.26|0.25
2019|6|CALABACINES|15205.99|19691.12|1.29|0.33|0.43
2019|6|OTR.HORTALIZAS/VERD.|27186.48|66206.78|2.44|0.59|1.44
2019|6|BROCOLI|3852.75|6861.76|1.78|0.08|0.15
2019|6|ALCACHOFAS|2393.5|4406.32|1.84|0.05|0.1
2019|6|APIO|2071.82|2919.83|1.41|0.04|0.06
2019|6|COLIFLOR|1384.2|2425.99|1.75|0.03|0.05
2019|6|VERD./HORT. IV GAMA|25948.55|66573.34|2.57|0.56|1.44
2019|6|PUERROS|3345.98|9179.96|2.74|0.07|0.2
2019|6|T.FRUTAS FRESCAS|396242.69|630230.22|1.59|8.59|13.66
2019|6|NARANJAS|55608.45|49338.22|0.89|1.21|1.07
2019|6|MANDARINAS|4721.62|6420.57|1.36|0.1|0.14
2019|6|LIMONES|8700.16|13595.69|1.56|0.19|0.29
2019|6|PLATANOS|45228.02|69167.49|1.53|0.98|1.5
2019|6|MANZANAS|28734.18|41704.53|1.45|0.62|0.9
2019|6|PERAS|12015.97|19404.43|1.61|0.26|0.42
2019|6|MELOCOTONES|18590.89|33486.16|1.8|0.4|0.73
2019|6|NECTARINAS|12483.46|21877.82|1.75|0.27|0.47
2019|6|ALBARICOQUES|16764.97|33002.52|1.97|0.36|0.72
2019|6|FRESONES|4784.95|15951.25|3.33|0.1|0.35
2019|6|MELONES|38962.76|50253.69|1.29|0.84|1.09
2019|6|SANDIAS|81424.87|70650.85|0.87|1.77|1.53
2019|6|CIRUELAS|3515.9|7082.78|2.01|0.08|0.15
2019|6|CEREZAS|24318.51|90144.32|3.71|0.53|1.95
2019|6|UVAS|1623.46|5648.95|3.48|0.04|0.12
2019|6|KIWI|9104.93|28511.99|3.13|0.2|0.62
2019|6|AGUACATE|5018.49|18694.38|3.73|0.11|0.41
2019|6|PIÑAS|5670.44|9127.17|1.61|0.12|0.2
2019|6|OTRAS FRUTAS FRESCAS|18970.65|46167.41|2.43|0.41|1.0
2019|6|POMELO|1609.65|3187.28|1.98|0.03|0.07
2019|6|CHIRIMOYAS|0.0|0.0|0.0|0.0|0.0
2019|6|MANGOS|1810.02|4711.92|2.6|0.04|0.1
2019|6|FRUTAS IV GAMA|16995.36|28471.15|1.68|0.37|0.62
2019|7|TOTAL PATATAS|112316.35|109129.53|0.97|2.44|2.37
2019|7|PATATAS FRESCAS|83219.03|76077.41|0.91|1.8|1.65
2019|7|PATATAS CONGELADAS|2999.75|3928.74|1.31|0.07|0.09
2019|7|PATATAS PROCESADAS|5219.51|29123.38|5.58|0.11|0.63
2019|7|PATATAS FRITAS|4440.13|27910.18|6.29|0.1|0.61
2019|7|T.HORTALIZAS FRESCAS|235630.49|432441.46|1.84|5.11|9.38
2019|7|TOMATES|70499.11|114043.1|1.62|1.53|2.47
2019|7|CEBOLLAS|29827.58|38554.34|1.29|0.65|0.84
2019|7|AJOS|4853.1|17891.93|3.69|0.11|0.39
2019|7|COLES|4264.82|4662.79|1.09|0.09|0.1
2019|7|PEPINOS|14197.1|18075.91|1.27|0.31|0.39
2019|7|JUDIAS VERDES|8693.54|25507.85|2.93|0.19|0.55
2019|7|PIMIENTOS|19178.22|40472.95|2.11|0.42|0.88
2019|7|CHAMPIÑONES|3422.66|13639.3|3.98|0.07|0.3
2019|7|LECHUGAS|18731.44|49395.37|2.64|0.41|1.07
2019|7|ESPARRAGOS|1759.95|4597.48|2.61|0.04|0.1
2019|7|VERDURAS DE HOJA|3156.22|8365.36|2.65|0.07|0.18
2019|7|BERENJENAS|6790.24|10371.56|1.53|0.15|0.22
2019|7|ZANAHORIAS|12765.28|12158.1|0.95|0.28|0.26
2019|7|CALABACINES|16246.09|20363.88|1.25|0.35|0.44
2019|7|OTR.HORTALIZAS/VERD.|21245.12|54341.54|2.56|0.46|1.18
2019|7|BROCOLI|2721.72|5468.63|2.01|0.06|0.12
2019|7|ALCACHOFAS|840.91|1515.14|1.8|0.02|0.03
2019|7|APIO|1231.43|1906.31|1.55|0.03|0.04
2019|7|COLIFLOR|1063.45|1821.69|1.71|0.02|0.04
2019|7|VERD./HORT. IV GAMA|26829.23|66621.25|2.48|0.58|1.44
2019|7|PUERROS|2777.98|7475.9|2.69|0.06|0.16
2019|7|T.FRUTAS FRESCAS|431303.03|601910.2|1.4|9.35|13.05
2019|7|NARANJAS|39744.93|37408.62|0.94|0.86|0.81
2019|7|MANDARINAS|1224.13|1950.12|1.59|0.03|0.04
2019|7|LIMONES|9763.19|15216.27|1.56|0.21|0.33
2019|7|PLATANOS|39072.37|57173.99|1.46|0.85|1.24
2019|7|MANZANAS|24570.64|36511.7|1.49|0.53|0.79
2019|7|PERAS|10195.53|16182.89|1.59|0.22|0.35
2019|7|MELOCOTONES|30333.47|49622.99|1.64|0.66|1.08
2019|7|NECTARINAS|19344.66|27995.19|1.45|0.42|0.61
2019|7|ALBARICOQUES|8104.45|15679.9|1.93|0.18|0.34
2019|7|FRESONES|1748.48|7545.07|4.32|0.04|0.16
2019|7|MELONES|76875.87|74953.42|0.97|1.67|1.63
2019|7|SANDIAS|102957.1|79769.38|0.77|2.23|1.73
2019|7|CIRUELAS|11168.2|18135.69|1.62|0.24|0.39
2019|7|CEREZAS|14831.06|58857.02|3.97|0.32|1.28
2019|7|UVAS|2159.37|6139.76|2.84|0.05|0.13
2019|7|KIWI|8187.01|26367.72|3.22|0.18|0.57
2019|7|AGUACATE|4838.48|18507.19|3.83|0.1|0.4
2019|7|PIÑAS|5266.16|8694.23|1.65|0.11|0.19
2019|7|OTRAS FRUTAS FRESCAS|20917.93|45199.06|2.16|0.45|0.98
2019|7|POMELO|1708.15|3236.21|1.89|0.04|0.07
2019|7|CHIRIMOYAS|0.0|0.0|0.0|0.0|0.0
2019|7|MANGOS|1803.9|5038.93|2.79|0.04|0.11
2019|7|FRUTAS IV GAMA|18693.01|27066.4|1.45|0.41|0.59
2019|8|TOTAL PATATAS|103976.44|105065.7|1.01|2.25|2.28
2019|8|PATATAS FRESCAS|75508.71|72813.66|0.96|1.64|1.58
2019|8|PATATAS CONGELADAS|3267.48|4230.86|1.29|0.07|0.09
2019|8|PATATAS PROCESADAS|5040.05|28021.18|5.56|0.11|0.61
2019|8|PATATAS FRITAS|4276.59|26863.79|6.28|0.09|0.58
2019|8|T.HORTALIZAS FRESCAS|223772.75|408822.04|1.83|4.85|8.86
2019|8|TOMATES|65885.34|106801.0|1.62|1.43|2.32
2019|8|CEBOLLAS|31187.48|38061.38|1.22|0.68|0.83
2019|8|AJOS|3636.03|13371.43|3.68|0.08|0.29
2019|8|COLES|4086.92|4405.41|1.08|0.09|0.1
2019|8|PEPINOS|12932.39|15765.32|1.22|0.28|0.34
2019|8|JUDIAS VERDES|9170.7|30389.5|3.31|0.2|0.66
2019|8|PIMIENTOS|20359.5|39236.1|1.93|0.44|0.85
2019|8|CHAMPIÑONES|3516.43|14136.58|4.02|0.08|0.31
2019|8|LECHUGAS|15378.18|41493.26|2.7|0.33|0.9
2019|8|ESPARRAGOS|1014.92|2751.99|2.71|0.02|0.06
2019|8|VERDURAS DE HOJA|2971.33|7806.54|2.63|0.06|0.17
2019|8|BERENJENAS|8329.53|13272.07|1.59|0.18|0.29
2019|8|ZANAHORIAS|11637.46|10951.16|0.94|0.25|0.24
2019|8|CALABACINES|15013.98|19892.61|1.32|0.33|0.43
2019|8|OTR.HORTALIZAS/VERD.|18652.57|50487.7|2.71|0.4|1.09
2019|8|BROCOLI|2168.74|4811.37|2.22|0.05|0.1
2019|8|ALCACHOFAS|367.69|1082.37|2.94|0.01|0.02
2019|8|APIO|1372.44|1932.88|1.41|0.03|0.04
2019|8|COLIFLOR|907.68|1700.77|1.87|0.02|0.04
2019|8|VERD./HORT. IV GAMA|24795.28|60881.15|2.46|0.54|1.32
2019|8|PUERROS|2876.4|7552.94|2.63|0.06|0.16
2019|8|T.FRUTAS FRESCAS|387824.56|507238.87|1.31|8.41|11.0
2019|8|NARANJAS|28009.87|29257.07|1.04|0.61|0.63
2019|8|MANDARINAS|939.52|1893.23|2.02|0.02|0.04
2019|8|LIMONES|8620.92|14634.9|1.7|0.19|0.32
2019|8|PLATANOS|35795.95|52031.96|1.45|0.78|1.13
2019|8|MANZANAS|22128.57|32766.85|1.48|0.48|0.71
2019|8|PERAS|13298.14|21150.05|1.59|0.29|0.46
2019|8|MELOCOTONES|30615.07|48255.8|1.58|0.66|1.05
2019|8|NECTARINAS|19739.56|26936.73|1.36|0.43|0.58
2019|8|ALBARICOQUES|2225.9|4342.6|1.95|0.05|0.09
2019|8|FRESONES|1289.91|5822.61|4.51|0.03|0.13
2019|8|MELONES|83689.69|66641.99|0.8|1.81|1.44
2019|8|SANDIAS|81609.27|59475.72|0.73|1.77|1.29
2019|8|CIRUELAS|15270.68|24502.19|1.6|0.33|0.53
2019|8|CEREZAS|1307.05|6043.57|4.62|0.03|0.13
2019|8|UVAS|5460.35|14173.15|2.6|0.12|0.31
2019|8|KIWI|7258.89|24376.89|3.36|0.16|0.53
2019|8|AGUACATE|4365.89|18804.54|4.31|0.09|0.41
2019|8|PIÑAS|3905.68|6271.43|1.61|0.08|0.14
2019|8|OTRAS FRUTAS FRESCAS|22293.66|49857.59|2.24|0.48|1.08
2019|8|POMELO|1016.69|1996.2|1.96|0.02|0.04
2019|8|CHIRIMOYAS|0.0|0.0|0.0|0.0|0.0
2019|8|MANGOS|2406.91|5975.09|2.48|0.05|0.13
2019|8|FRUTAS IV GAMA|15869.98|23423.29|1.48|0.34|0.51
2019|9|TOTAL PATATAS|103605.26|97897.32|0.94|2.25|2.12
2019|9|PATATAS FRESCAS|76468.14|68093.78|0.89|1.66|1.48
2019|9|PATATAS CONGELADAS|3424.59|4533.92|1.32|0.07|0.1
2019|9|PATATAS PROCESADAS|4742.51|25269.62|5.33|0.1|0.55
2019|9|PATATAS FRITAS|3906.92|24006.45|6.14|0.08|0.52
2019|9|T.HORTALIZAS FRESCAS|229766.03|427987.18|1.86|4.98|9.28
2019|9|TOMATES|65359.45|107766.6|1.65|1.42|2.34
2019|9|CEBOLLAS|25265.98|31535.72|1.25|0.55|0.68
2019|9|AJOS|2161.02|9106.42|4.21|0.05|0.2
2019|9|COLES|4782.05|5587.41|1.17|0.1|0.12
2019|9|PEPINOS|9710.89|12765.66|1.31|0.21|0.28
2019|9|JUDIAS VERDES|7672.18|26729.83|3.48|0.17|0.58
2019|9|PIMIENTOS|24479.66|46584.93|1.9|0.53|1.01
2019|9|CHAMPIÑONES|4240.57|16436.15|3.88|0.09|0.36
2019|9|LECHUGAS|14846.87|40898.1|2.75|0.32|0.89
2019|9|ESPARRAGOS|1637.9|4485.41|2.74|0.04|0.1
2019|9|VERDURAS DE HOJA|4641.36|11485.79|2.47|0.1|0.25
2019|9|BERENJENAS|8181.43|12661.95|1.55|0.18|0.27
2019|9|ZANAHORIAS|13766.86|13311.65|0.97|0.3|0.29
2019|9|CALABACINES|15940.57|21323.91|1.34|0.35|0.46
2019|9|OTR.HORTALIZAS/VERD.|27079.23|67307.65|2.49|0.59|1.46
2019|9|BROCOLI|3494.81|7526.95|2.15|0.08|0.16
2019|9|ALCACHOFAS|537.34|1548.0|2.88|0.01|0.03
2019|9|APIO|1436.15|2211.48|1.54|0.03|0.05
2019|9|COLIFLOR|1653.52|3526.34|2.13|0.04|0.08
2019|9|VERD./HORT. IV GAMA|24558.46|63649.14|2.59|0.53|1.38
2019|9|PUERROS|4024.82|11120.5|2.76|0.09|0.24
2019|9|T.FRUTAS FRESCAS|368526.43|550008.06|1.49|7.99|11.92
2019|9|NARANJAS|27671.7|36293.66|1.31|0.6|0.79
2019|9|MANDARINAS|3883.99|7310.99|1.88|0.08|0.16
2019|9|LIMONES|8766.0|15689.23|1.79|0.19|0.34
2019|9|PLATANOS|42305.7|65223.74|1.54|0.92|1.41
2019|9|MANZANAS|32013.49|48397.38|1.51|0.69|1.05
2019|9|PERAS|17765.1|28840.47|1.62|0.39|0.63
2019|9|MELOCOTONES|30408.48|49953.17|1.64|0.66|1.08
2019|9|NECTARINAS|18241.83|24546.66|1.35|0.4|0.53
2019|9|ALBARICOQUES|690.31|1274.68|1.85|0.01|0.03
2019|9|FRESONES|1285.03|5327.0|4.15|0.03|0.12
2019|9|MELONES|72376.22|63575.32|0.88|1.57|1.38
2019|9|SANDIAS|44201.5|34386.1|0.78|0.96|0.75
2019|9|CIRUELAS|12280.22|20882.58|1.7|0.27|0.45
2019|9|CEREZAS|231.87|766.81|3.31|0.01|0.02
2019|9|UVAS|16682.68|40126.76|2.41|0.36|0.87
2019|9|KIWI|8352.27|29080.39|3.48|0.18|0.63
2019|9|AGUACATE|4362.85|18114.93|4.15|0.09|0.39
2019|9|PIÑAS|5233.46|7753.05|1.48|0.11|0.17
2019|9|OTRAS FRUTAS FRESCAS|21773.72|52465.14|2.41|0.47|1.14
2019|9|POMELO|1140.69|2348.57|2.06|0.02|0.05
2019|9|CHIRIMOYAS|2.54|18.25|7.19|0.0|0.0
2019|9|MANGOS|4029.05|9294.81|2.31|0.09|0.2
2019|9|FRUTAS IV GAMA|15922.13|26625.57|1.67|0.35|0.58
2019|10|TOTAL PATATAS|109126.01|101831.78|0.93|2.37|2.21
2019|10|PATATAS FRESCAS|80084.23|70668.9|0.88|1.74|1.53
2019|10|PATATAS CONGELADAS|3320.42|4268.94|1.29|0.07|0.09
2019|10|PATATAS PROCESADAS|5144.27|26893.94|5.23|0.11|0.58
2019|10|PATATAS FRITAS|4067.17|25207.32|6.2|0.09|0.55
2019|10|T.HORTALIZAS FRESCAS|231953.35|439834.42|1.9|5.03|9.54
2019|10|TOMATES|54632.81|95707.3|1.75|1.18|2.08
2019|10|CEBOLLAS|26908.03|32171.39|1.2|0.58|0.7
2019|10|AJOS|2792.07|11758.84|4.21|0.06|0.25
2019|10|COLES|5827.54|6942.43|1.19|0.13|0.15
2019|10|PEPINOS|8042.06|10410.59|1.29|0.17|0.23
2019|10|JUDIAS VERDES|7891.55|25887.18|3.28|0.17|0.56
2019|10|PIMIENTOS|23010.85|40940.3|1.78|0.5|0.89
2019|10|CHAMPIÑONES|5400.26|23894.55|4.42|0.12|0.52
2019|10|LECHUGAS|16034.35|44852.88|2.8|0.35|0.97
2019|10|ESPARRAGOS|1581.75|4751.49|3.0|0.03|0.1
2019|10|VERDURAS DE HOJA|4740.27|12245.59|2.58|0.1|0.27
2019|10|BERENJENAS|8067.71|11854.52|1.47|0.17|0.26
2019|10|ZANAHORIAS|13492.22|12649.64|0.94|0.29|0.27
2019|10|CALABACINES|17150.78|22950.52|1.34|0.37|0.5
2019|10|OTR.HORTALIZAS/VERD.|36381.1|82817.2|2.28|0.79|1.8
2019|10|BROCOLI|5709.06|10156.23|1.78|0.12|0.22
2019|10|ALCACHOFAS|1196.02|3115.88|2.61|0.03|0.07
2019|10|APIO|1883.52|2896.18|1.54|0.04|0.06
2019|10|COLIFLOR|2219.56|4325.16|1.95|0.05|0.09
2019|10|VERD./HORT. IV GAMA|26761.08|70269.06|2.63|0.58|1.52
2019|10|PUERROS|4301.56|11433.48|2.66|0.09|0.25
2019|10|T.FRUTAS FRESCAS|339519.41|590769.47|1.74|7.36|12.81
2019|10|NARANJAS|35541.63|49436.02|1.39|0.77|1.07
2019|10|MANDARINAS|25012.46|40395.97|1.62|0.54|0.88
2019|10|LIMONES|8557.69|14577.64|1.7|0.19|0.32
2019|10|PLATANOS|48788.85|85747.1|1.76|1.06|1.86
2019|10|MANZANAS|44647.66|65402.31|1.46|0.97|1.42
2019|10|PERAS|23627.97|36908.12|1.56|0.51|0.8
2019|10|MELOCOTONES|19301.67|37515.84|1.94|0.42|0.81
2019|10|NECTARINAS|7715.4|10938.76|1.42|0.17|0.24
2019|10|ALBARICOQUES|268.03|439.65|1.64|0.01|0.01
2019|10|FRESONES|1171.21|5013.61|4.28|0.03|0.11
2019|10|MELONES|32916.09|35642.24|1.08|0.71|0.77
2019|10|SANDIAS|8994.55|8205.44|0.91|0.2|0.18
2019|10|CIRUELAS|9148.26|15027.46|1.64|0.2|0.33
2019|10|CEREZAS|190.62|417.57|2.19|0.0|0.01
2019|10|UVAS|19735.86|44458.91|2.25|0.43|0.96
2019|10|KIWI|10965.0|37700.48|3.44|0.24|0.82
2019|10|AGUACATE|5279.35|20551.74|3.89|0.11|0.45
2019|10|PIÑAS|6100.57|9832.64|1.61|0.13|0.21
2019|10|OTRAS FRUTAS FRESCAS|31556.54|72557.97|2.3|0.68|1.57
2019|10|POMELO|1092.78|2073.06|1.9|0.02|0.04
2019|10|CHIRIMOYAS|3.55|18.07|5.1|0.0|0.0
2019|10|MANGOS|7071.4|15129.44|2.14|0.15|0.33
2019|10|FRUTAS IV GAMA|13203.45|25672.63|1.94|0.29|0.56
2019|11|TOTAL PATATAS|107635.34|101503.27|0.94|2.33|2.2
2019|11|PATATAS FRESCAS|78227.98|69519.41|0.89|1.7|1.51
2019|11|PATATAS CONGELADAS|3558.86|4569.59|1.28|0.08|0.1
2019|11|PATATAS PROCESADAS|5169.7|27414.27|5.3|0.11|0.59
2019|11|PATATAS FRITAS|4215.02|26065.85|6.18|0.09|0.57
2019|11|T.HORTALIZAS FRESCAS|212398.33|410739.34|1.93|4.6|8.91
2019|11|TOMATES|43425.75|75745.86|1.74|0.94|1.64
2019|11|CEBOLLAS|26421.05|31494.75|1.19|0.57|0.68
2019|11|AJOS|2510.92|10452.71|4.16|0.05|0.23
2019|11|COLES|8613.51|9439.75|1.1|0.19|0.2
2019|11|PEPINOS|4902.11|7068.36|1.44|0.11|0.15
2019|11|JUDIAS VERDES|7277.86|24224.63|3.33|0.16|0.53
2019|11|PIMIENTOS|18973.17|35190.98|1.85|0.41|0.76
2019|11|CHAMPIÑONES|5809.79|29748.48|5.12|0.13|0.64
2019|11|LECHUGAS|13393.12|38052.54|2.84|0.29|0.83
2019|11|ESPARRAGOS|1607.9|4450.15|2.77|0.03|0.1
2019|11|VERDURAS DE HOJA|5241.46|12144.98|2.32|0.11|0.26
2019|11|BERENJENAS|6358.62|9603.95|1.51|0.14|0.21
2019|11|ZANAHORIAS|13822.97|12533.15|0.91|0.3|0.27
2019|11|CALABACINES|13997.62|20131.58|1.44|0.3|0.44
2019|11|OTR.HORTALIZAS/VERD.|40042.48|90457.48|2.26|0.87|1.96
2019|11|BROCOLI|5242.41|9554.57|1.82|0.11|0.21
2019|11|ALCACHOFAS|2364.7|5477.89|2.32|0.05|0.12
2019|11|APIO|1826.05|2727.38|1.49|0.04|0.06
2019|11|COLIFLOR|2576.09|4867.89|1.89|0.06|0.11
2019|11|VERD./HORT. IV GAMA|24063.32|63994.37|2.66|0.52|1.39
2019|11|PUERROS|4695.41|12769.67|2.72|0.1|0.28
2019|11|T.FRUTAS FRESCAS|317857.24|537796.36|1.69|6.89|11.66
2019|11|NARANJAS|55974.28|59724.48|1.07|1.21|1.29
2019|11|MANDARINAS|42504.2|61704.1|1.45|0.92|1.34
2019|11|LIMONES|9735.99|15564.75|1.6|0.21|0.34
2019|11|PLATANOS|49722.32|86866.42|1.75|1.08|1.88
2019|11|MANZANAS|40481.79|59168.0|1.46|0.88|1.28
2019|11|PERAS|23183.4|35858.2|1.55|0.5|0.78
2019|11|MELOCOTONES|3121.27|6793.99|2.18|0.07|0.15
2019|11|NECTARINAS|1120.08|1573.22|1.4|0.02|0.03
2019|11|ALBARICOQUES|148.11|254.5|1.72|0.0|0.01
2019|11|FRESONES|902.33|3228.75|3.58|0.02|0.07
2019|11|MELONES|9769.57|14062.98|1.44|0.21|0.3
2019|11|SANDIAS|969.83|1187.86|1.22|0.02|0.03
2019|11|CIRUELAS|3269.72|5502.51|1.68|0.07|0.12
2019|11|CEREZAS|124.52|540.78|4.34|0.0|0.01
2019|11|UVAS|13755.4|33757.44|2.45|0.3|0.73
2019|11|KIWI|12250.8|39802.7|3.25|0.27|0.86
2019|11|AGUACATE|5623.12|20789.66|3.7|0.12|0.45
2019|11|PIÑAS|6361.5|10320.6|1.62|0.14|0.22
2019|11|OTRAS FRUTAS FRESCAS|38838.98|81095.44|2.09|0.84|1.76
2019|11|POMELO|1002.21|1930.22|1.93|0.02|0.04
2019|11|CHIRIMOYAS|14.03|40.67|2.9|0.0|0.0
2019|11|MANGOS|4276.4|10692.52|2.5|0.09|0.23
2019|11|FRUTAS IV GAMA|15202.29|29119.0|1.92|0.33|0.63
2019|12|TOTAL PATATAS|105495.73|102073.78|0.97|2.29|2.21
2019|12|PATATAS FRESCAS|72778.3|65823.49|0.9|1.58|1.43
2019|12|PATATAS CONGELADAS|3989.35|5103.14|1.28|0.09|0.11
2019|12|PATATAS PROCESADAS|5745.62|31147.15|5.42|0.12|0.68
2019|12|PATATAS FRITAS|4655.99|29407.82|6.32|0.1|0.64
2019|12|T.HORTALIZAS FRESCAS|187757.9|368920.26|1.96|4.07|8.0
2019|12|TOMATES|36498.68|66355.42|1.82|0.79|1.44
2019|12|CEBOLLAS|25360.39|30811.95|1.21|0.55|0.67
2019|12|AJOS|2458.68|10747.68|4.37|0.05|0.23
2019|12|COLES|6522.05|7813.83|1.2|0.14|0.17
2019|12|PEPINOS|3815.86|5642.6|1.48|0.08|0.12
2019|12|JUDIAS VERDES|5029.32|16034.04|3.19|0.11|0.35
2019|12|PIMIENTOS|14909.56|28805.43|1.93|0.32|0.62
2019|12|CHAMPIÑONES|6186.9|26128.16|4.22|0.13|0.57
2019|12|LECHUGAS|14056.75|39398.42|2.8|0.3|0.85
2019|12|ESPARRAGOS|1313.06|3884.39|2.96|0.03|0.08
2019|12|VERDURAS DE HOJA|4463.95|10985.08|2.46|0.1|0.24
2019|12|BERENJENAS|4425.26|7121.55|1.61|0.1|0.15
2019|12|ZANAHORIAS|11919.56|11152.01|0.94|0.26|0.24
2019|12|CALABACINES|12572.63|18590.61|1.48|0.27|0.4
2019|12|OTR.HORTALIZAS/VERD.|38225.26|85449.1|2.24|0.83|1.85
2019|12|BROCOLI|5742.68|9363.3|1.63|0.12|0.2
2019|12|ALCACHOFAS|3690.16|9332.59|2.53|0.08|0.2
2019|12|APIO|2091.64|3143.81|1.5|0.05|0.07
2019|12|COLIFLOR|2039.64|3820.99|1.87|0.04|0.08
2019|12|VERD./HORT. IV GAMA|22213.48|61362.42|2.76|0.48|1.33
2019|12|PUERROS|3848.63|10632.52|2.76|0.08|0.23
2019|12|T.FRUTAS FRESCAS|298690.59|485524.89|1.63|6.48|10.53
2019|12|NARANJAS|66124.7|66011.01|1.0|1.43|1.43
2019|12|MANDARINAS|41037.62|58278.69|1.42|0.89|1.26
2019|12|LIMONES|9663.33|15637.74|1.62|0.21|0.34
2019|12|PLATANOS|45653.18|78111.73|1.71|0.99|1.69
2019|12|MANZANAS|35911.54|52827.4|1.47|0.78|1.15
2019|12|PERAS|17922.78|27889.0|1.56|0.39|0.6
2019|12|MELOCOTONES|222.96|433.05|1.94|0.0|0.01
2019|12|NECTARINAS|566.84|989.81|1.75|0.01|0.02
2019|12|ALBARICOQUES|130.87|362.29|2.77|0.0|0.01
2019|12|FRESONES|1214.82|5499.48|4.53|0.03|0.12
2019|12|MELONES|8014.95|13529.71|1.69|0.17|0.29
2019|12|SANDIAS|373.85|652.12|1.74|0.01|0.01
2019|12|CIRUELAS|1417.89|2147.06|1.51|0.03|0.05
2019|12|CEREZAS|211.2|1028.1|4.87|0.0|0.02
2019|12|UVAS|11235.57|29617.31|2.64|0.24|0.64
2019|12|KIWI|11289.49|33875.78|3.0|0.24|0.73
2019|12|AGUACATE|6040.83|20229.94|3.35|0.13|0.44
2019|12|PIÑAS|15665.02|20975.07|1.34|0.34|0.45
2019|12|OTRAS FRUTAS FRESCAS|25993.14|57429.6|2.21|0.56|1.25
2019|12|POMELO|1031.61|2121.15|2.06|0.02|0.05
2019|12|CHIRIMOYAS|11.34|54.33|4.79|0.0|0.0
2019|12|MANGOS|3457.17|8734.06|2.53|0.07|0.19
2019|12|FRUTAS IV GAMA|11557.72|21330.49|1.85|0.25|0.46
2020|1|TOTAL PATATAS|101985.34|97965.62|0.96|2.3|2.21
2020|1|PATATAS FRESCAS|71942.24|64713.94|0.9|1.62|1.46
2020|1|PATATAS CONGELADAS|3948.14|5190.9|1.31|0.09|0.12
2020|1|PATATAS PROCESADAS|5218.99|28060.78|5.38|0.12|0.63
2020|1|PATATAS FRITAS|4282.27|26597.58|6.21|0.1|0.6
2020|1|T.HORTALIZAS FRESCAS|215831.81|421389.55|1.95|4.87|9.51
2020|1|TOMATES|40993.26|73154.9|1.78|0.93|1.65
2020|1|CEBOLLAS|26075.03|31512.99|1.21|0.59|0.71
2020|1|AJOS|2591.58|11239.27|4.34|0.06|0.25
2020|1|COLES|8184.08|9343.9|1.14|0.18|0.21
2020|1|PEPINOS|4394.3|7208.36|1.64|0.1|0.16
2020|1|JUDIAS VERDES|6616.29|21535.33|3.25|0.15|0.49
2020|1|PIMIENTOS|17311.98|32109.31|1.85|0.39|0.72
2020|1|CHAMPIÑONES|5554.29|22316.92|4.02|0.13|0.5
2020|1|LECHUGAS|14461.92|40927.16|2.83|0.33|0.92
2020|1|ESPARRAGOS|1537.63|4717.53|3.07|0.03|0.11
2020|1|VERDURAS DE HOJA|5453.58|13629.5|2.5|0.12|0.31
2020|1|BERENJENAS|4912.1|9025.59|1.84|0.11|0.2
2020|1|ZANAHORIAS|14973.08|13749.87|0.92|0.34|0.31
2020|1|CALABACINES|14482.5|24435.32|1.69|0.33|0.55
2020|1|OTR.HORTALIZAS/VERD.|48290.19|106483.6|2.21|1.09|2.4
2020|1|BROCOLI|7128.27|11960.74|1.68|0.16|0.27
2020|1|ALCACHOFAS|7956.42|19350.99|2.43|0.18|0.44
2020|1|APIO|2240.2|3465.95|1.55|0.05|0.08
2020|1|COLIFLOR|2405.23|4295.23|1.79|0.05|0.1
2020|1|VERD./HORT. IV GAMA|24614.57|68967.85|2.8|0.56|1.56
2020|1|PUERROS|5190.41|13391.1|2.58|0.12|0.3
2020|1|T.FRUTAS FRESCAS|317017.98|511219.71|1.61|7.16|11.54
2020|1|NARANJAS|83856.23|81014.66|0.97|1.89|1.83
2020|1|MANDARINAS|44641.67|67749.49|1.52|1.01|1.53
2020|1|LIMONES|8735.09|13265.44|1.52|0.2|0.3
2020|1|PLATANOS|51272.09|83353.54|1.63|1.16|1.88
2020|1|MANZANAS|43451.19|62879.19|1.45|0.98|1.42
2020|1|PERAS|19868.69|30074.79|1.51|0.45|0.68
2020|1|MELOCOTONES|296.82|402.89|1.36|0.01|0.01
2020|1|NECTARINAS|510.95|766.74|1.5|0.01|0.02
2020|1|ALBARICOQUES|116.31|165.12|1.42|0.0|0.0
2020|1|FRESONES|7722.7|29496.65|3.82|0.17|0.67
2020|1|MELONES|6331.8|11113.83|1.76|0.14|0.25
2020|1|SANDIAS|55.65|75.95|1.36|0.0|0.0
2020|1|CIRUELAS|989.52|1719.65|1.74|0.02|0.04
2020|1|CEREZAS|165.44|1151.99|6.96|0.0|0.03
2020|1|UVAS|6051.32|17661.05|2.92|0.14|0.4
2020|1|KIWI|12280.62|35158.4|2.86|0.28|0.79
2020|1|AGUACATE|5882.58|20728.66|3.52|0.13|0.47
2020|1|PIÑAS|7533.52|13409.94|1.78|0.17|0.3
2020|1|OTRAS FRUTAS FRESCAS|17255.8|41031.72|2.38|0.39|0.93
2020|1|POMELO|1027.64|1858.34|1.81|0.02|0.04
2020|1|CHIRIMOYAS|3.58|20.76|5.8|0.0|0.0
2020|1|MANGOS|2607.38|7147.13|2.74|0.06|0.16
2020|1|FRUTAS IV GAMA|11340.97|20622.65|1.82|0.26|0.47
2020|2|TOTAL PATATAS|107378.9|103172.87|0.96|2.42|2.33
2020|2|PATATAS FRESCAS|77091.23|69748.38|0.9|1.74|1.57
2020|2|PATATAS CONGELADAS|3482.97|4581.69|1.32|0.08|0.1
2020|2|PATATAS PROCESADAS|5360.94|28842.8|5.38|0.12|0.65
2020|2|PATATAS FRITAS|4356.28|27297.32|6.27|0.1|0.62
2020|2|T.HORTALIZAS FRESCAS|226022.12|430847.66|1.91|5.1|9.72
2020|2|TOMATES|43416.49|76777.66|1.77|0.98|1.73
2020|2|CEBOLLAS|26921.73|32968.26|1.22|0.61|0.74
2020|2|AJOS|2615.42|11657.82|4.46|0.06|0.26
2020|2|COLES|7565.24|9222.49|1.22|0.17|0.21
2020|2|PEPINOS|4945.33|8391.52|1.7|0.11|0.19
2020|2|JUDIAS VERDES|5739.58|19879.96|3.46|0.13|0.45
2020|2|PIMIENTOS|16510.07|31181.69|1.89|0.37|0.7
2020|2|CHAMPIÑONES|5828.41|21791.99|3.74|0.13|0.49
2020|2|LECHUGAS|14925.74|42240.99|2.83|0.34|0.95
2020|2|ESPARRAGOS|2059.7|5840.73|2.84|0.05|0.13
2020|2|VERDURAS DE HOJA|7138.43|16171.26|2.27|0.16|0.36
2020|2|BERENJENAS|5542.31|9182.07|1.66|0.13|0.21
2020|2|ZANAHORIAS|13852.21|13263.72|0.96|0.31|0.3
2020|2|CALABACINES|16528.34|25152.6|1.52|0.37|0.57
2020|2|OTR.HORTALIZAS/VERD.|52433.13|107124.9|2.04|1.18|2.42
2020|2|BROCOLI|6854.15|11251.14|1.64|0.15|0.25
2020|2|ALCACHOFAS|12687.5|22350.4|1.76|0.29|0.5
2020|2|APIO|1856.79|2821.45|1.52|0.04|0.06
2020|2|COLIFLOR|3044.3|4458.65|1.46|0.07|0.1
2020|2|VERD./HORT. IV GAMA|25383.33|69399.9|2.73|0.57|1.57
2020|2|PUERROS|4370.07|11183.08|2.56|0.1|0.25
2020|2|T.FRUTAS FRESCAS|321171.62|544534.23|1.7|7.25|12.29
2020|2|NARANJAS|85997.39|84048.65|0.98|1.94|1.9
2020|2|MANDARINAS|38020.65|66810.21|1.76|0.86|1.51
2020|2|LIMONES|8026.31|13229.11|1.65|0.18|0.3
2020|2|PLATANOS|55209.87|85384.4|1.55|1.25|1.93
2020|2|MANZANAS|43693.23|64065.46|1.47|0.99|1.45
2020|2|PERAS|20699.88|32724.15|1.58|0.47|0.74
2020|2|MELOCOTONES|97.49|154.54|1.59|0.0|0.0
2020|2|NECTARINAS|556.15|1036.1|1.86|0.01|0.02
2020|2|ALBARICOQUES|121.36|233.12|1.92|0.0|0.01
2020|2|FRESONES|21324.54|70848.23|3.32|0.48|1.6
2020|2|MELONES|6438.04|10814.52|1.68|0.15|0.24
2020|2|SANDIAS|464.47|704.21|1.52|0.01|0.02
2020|2|CIRUELAS|1163.16|3434.57|2.95|0.03|0.08
2020|2|CEREZAS|122.29|556.01|4.55|0.0|0.01
2020|2|UVAS|3053.37|12618.69|4.13|0.07|0.28
2020|2|KIWI|13322.3|36835.89|2.76|0.3|0.83
2020|2|AGUACATE|5939.16|20690.89|3.48|0.13|0.47
2020|2|PIÑAS|5866.21|10440.45|1.78|0.13|0.24
2020|2|OTRAS FRUTAS FRESCAS|11055.76|29905.04|2.7|0.25|0.67
2020|2|POMELO|1431.07|2704.9|1.89|0.03|0.06
2020|2|CHIRIMOYAS|9.21|33.96|3.69|0.0|0.0
2020|2|MANGOS|3087.98|7368.97|2.39|0.07|0.17
2020|2|FRUTAS IV GAMA|12308.85|23770.86|1.93|0.28|0.54
2020|3|TOTAL PATATAS|144056.38|137944.62|0.96|3.25|3.11
2020|3|PATATAS FRESCAS|104636.6|94686.83|0.9|2.36|2.14
2020|3|PATATAS CONGELADAS|4758.65|6222.38|1.31|0.11|0.14
2020|3|PATATAS PROCESADAS|6932.23|37035.41|5.34|0.16|0.84
2020|3|PATATAS FRITAS|5438.76|34789.0|6.4|0.12|0.79
2020|3|T.HORTALIZAS FRESCAS|257552.9|498665.95|1.94|5.81|11.25
2020|3|TOMATES|49440.89|89393.32|1.81|1.12|2.02
2020|3|CEBOLLAS|34088.44|43355.98|1.27|0.77|0.98
2020|3|AJOS|3284.05|14632.63|4.46|0.07|0.33
2020|3|COLES|7978.48|9059.05|1.14|0.18|0.2
2020|3|PEPINOS|5609.82|9300.27|1.66|0.13|0.21
2020|3|JUDIAS VERDES|7244.74|24341.28|3.36|0.16|0.55
2020|3|PIMIENTOS|20569.03|43817.53|2.13|0.46|0.99
2020|3|CHAMPIÑONES|5743.24|22749.85|3.96|0.13|0.51
2020|3|LECHUGAS|17836.29|48099.37|2.7|0.4|1.09
2020|3|ESPARRAGOS|4083.08|9218.55|2.26|0.09|0.21
2020|3|VERDURAS DE HOJA|6562.1|15551.73|2.37|0.15|0.35
2020|3|BERENJENAS|6501.18|10688.72|1.64|0.15|0.24
2020|3|ZANAHORIAS|17026.27|16483.0|0.97|0.38|0.37
2020|3|CALABACINES|19275.64|30324.57|1.57|0.44|0.68
2020|3|OTR.HORTALIZAS/VERD.|52309.65|111650.1|2.13|1.18|2.52
2020|3|BROCOLI|5928.15|11016.51|1.86|0.13|0.25
2020|3|ALCACHOFAS|10850.68|17713.69|1.63|0.24|0.4
2020|3|APIO|2058.45|3080.55|1.5|0.05|0.07
2020|3|COLIFLOR|2948.5|4550.85|1.54|0.07|0.1
2020|3|VERD./HORT. IV GAMA|28655.57|76154.31|2.66|0.65|1.72
2020|3|PUERROS|5239.97|13406.29|2.56|0.12|0.3
2020|3|T.FRUTAS FRESCAS|369006.74|621017.29|1.68|8.33|14.02
2020|3|NARANJAS|106709.0|106158.4|0.99|2.41|2.4
2020|3|MANDARINAS|33683.75|64240.73|1.91|0.76|1.45
2020|3|LIMONES|10641.15|17306.31|1.63|0.24|0.39
2020|3|PLATANOS|62228.78|97335.11|1.56|1.4|2.2
2020|3|MANZANAS|52382.0|79382.42|1.52|1.18|1.79
2020|3|PERAS|24399.08|40979.48|1.68|0.55|0.92
2020|3|MELOCOTONES|146.7|394.9|2.69|0.0|0.01
2020|3|NECTARINAS|621.96|1134.26|1.82|0.01|0.03
2020|3|ALBARICOQUES|130.3|249.62|1.92|0.0|0.01
2020|3|FRESONES|29920.07|80827.5|2.7|0.68|1.82
2020|3|MELONES|5869.84|10897.81|1.86|0.13|0.25
2020|3|SANDIAS|2020.78|3176.03|1.57|0.05|0.07
2020|3|CIRUELAS|1313.8|4054.93|3.09|0.03|0.09
2020|3|CEREZAS|104.81|201.59|1.92|0.0|0.0
2020|3|UVAS|3172.19|13607.02|4.29|0.07|0.31
2020|3|KIWI|13322.0|37239.65|2.8|0.3|0.84
2020|3|AGUACATE|6166.47|24173.83|3.92|0.14|0.55
2020|3|PIÑAS|7320.61|12363.99|1.69|0.17|0.28
2020|3|OTRAS FRUTAS FRESCAS|8853.44|27293.72|3.08|0.2|0.62
2020|3|POMELO|1121.39|2133.68|1.9|0.03|0.05
2020|3|CHIRIMOYAS|0.0|0.0|0.0|0.0|0.0
2020|3|MANGOS|2989.15|8434.67|2.82|0.07|0.19
2020|3|FRUTAS IV GAMA|17700.78|33072.66|1.87|0.4|0.75
2020|4|TOTAL PATATAS|153817.66|156573.56|1.02|3.47|3.53
2020|4|PATATAS FRESCAS|108469.2|104005.0|0.96|2.45|2.35
2020|4|PATATAS CONGELADAS|5094.47|6651.17|1.31|0.11|0.15
2020|4|PATATAS PROCESADAS|8050.8|45917.39|5.7|0.18|1.04
2020|4|PATATAS FRITAS|6754.75|44051.28|6.52|0.15|0.99
2020|4|T.HORTALIZAS FRESCAS|303814.22|618817.73|2.04|6.86|13.97
2020|4|TOMATES|61129.36|114617.1|1.87|1.38|2.59
2020|4|CEBOLLAS|38862.02|54342.43|1.4|0.88|1.23
2020|4|AJOS|3781.95|16543.84|4.37|0.09|0.37
2020|4|COLES|9029.54|10681.24|1.18|0.2|0.24
2020|4|PEPINOS|8538.81|13485.45|1.58|0.19|0.3
2020|4|JUDIAS VERDES|7486.64|26209.6|3.5|0.17|0.59
2020|4|PIMIENTOS|25185.79|58460.6|2.32|0.57|1.32
2020|4|CHAMPIÑONES|7289.3|28586.46|3.92|0.16|0.65
2020|4|LECHUGAS|20692.47|57213.84|2.76|0.47|1.29
2020|4|ESPARRAGOS|4870.8|12629.65|2.59|0.11|0.29
2020|4|VERDURAS DE HOJA|7998.52|19817.61|2.48|0.18|0.45
2020|4|BERENJENAS|9552.59|16432.42|1.72|0.22|0.37
2020|4|ZANAHORIAS|20621.82|20506.67|0.99|0.47|0.46
2020|4|CALABACINES|22983.62|39635.72|1.72|0.52|0.89
2020|4|OTR.HORTALIZAS/VERD.|55791.0|129655.1|2.32|1.26|2.93
2020|4|BROCOLI|6070.56|13743.13|2.26|0.14|0.31
2020|4|ALCACHOFAS|11039.91|21039.83|1.91|0.25|0.47
2020|4|APIO|2254.94|3651.96|1.62|0.05|0.08
2020|4|COLIFLOR|3352.28|6467.2|1.93|0.08|0.15
2020|4|VERD./HORT. IV GAMA|32610.25|88167.06|2.7|0.74|1.99
2020|4|PUERROS|5871.41|16540.81|2.82|0.13|0.37
2020|4|T.FRUTAS FRESCAS|434581.01|766815.93|1.76|9.81|17.31
2020|4|NARANJAS|124241.2|142344.9|1.15|2.8|3.21
2020|4|MANDARINAS|27983.48|56292.77|2.01|0.63|1.27
2020|4|LIMONES|14690.94|27005.85|1.84|0.33|0.61
2020|4|PLATANOS|72556.54|117267.0|1.62|1.64|2.65
2020|4|MANZANAS|59827.55|93777.98|1.57|1.35|2.12
2020|4|PERAS|28018.36|49780.19|1.78|0.63|1.12
2020|4|MELOCOTONES|1207.67|2678.37|2.22|0.03|0.06
2020|4|NECTARINAS|1513.48|3173.58|2.1|0.03|0.07
2020|4|ALBARICOQUES|718.04|2210.63|3.08|0.02|0.05
2020|4|FRESONES|35622.95|90227.71|2.53|0.8|2.04
2020|4|MELONES|9486.76|18161.5|1.91|0.21|0.41
2020|4|SANDIAS|7902.54|10536.44|1.33|0.18|0.24
2020|4|CIRUELAS|1711.18|5266.59|3.08|0.04|0.12
2020|4|CEREZAS|114.99|430.79|3.75|0.0|0.01
2020|4|UVAS|3800.16|15714.46|4.14|0.09|0.35
2020|4|KIWI|15285.96|44754.41|2.93|0.35|1.01
2020|4|AGUACATE|7420.39|32198.66|4.34|0.17|0.73
2020|4|PIÑAS|9958.09|16034.8|1.61|0.22|0.36
2020|4|OTRAS FRUTAS FRESCAS|12520.72|38959.3|3.11|0.28|0.88
2020|4|POMELO|1844.77|3425.55|1.86|0.04|0.08
2020|4|CHIRIMOYAS|10.11|44.16|4.37|0.0|0.0
2020|4|MANGOS|2976.04|8444.78|2.84|0.07|0.19
2020|4|FRUTAS IV GAMA|17719.29|34581.14|1.95|0.4|0.78
2020|5|TOTAL PATATAS|138387.73|139196.69|1.01|3.12|3.14
2020|5|PATATAS FRESCAS|99346.69|93433.55|0.94|2.24|2.11
2020|5|PATATAS CONGELADAS|4171.05|5496.42|1.32|0.09|0.12
2020|5|PATATAS PROCESADAS|6974.0|40266.72|5.77|0.16|0.91
2020|5|PATATAS FRITAS|6030.29|38802.84|6.43|0.14|0.88
2020|5|T.HORTALIZAS FRESCAS|288906.8|565957.25|1.96|6.52|12.77
2020|5|TOMATES|67383.64|115480.3|1.71|1.52|2.61
2020|5|CEBOLLAS|35409.9|48425.82|1.37|0.8|1.09
2020|5|AJOS|3607.41|15494.54|4.3|0.08|0.35
2020|5|COLES|6095.94|7375.32|1.21|0.14|0.17
2020|5|PEPINOS|10839.32|16848.49|1.55|0.24|0.38
2020|5|JUDIAS VERDES|7347.63|23708.0|3.23|0.17|0.54
2020|5|PIMIENTOS|23213.52|52972.3|2.28|0.52|1.2
2020|5|CHAMPIÑONES|6702.05|25930.28|3.87|0.15|0.59
2020|5|LECHUGAS|21347.32|57616.4|2.7|0.48|1.3
2020|5|ESPARRAGOS|5684.09|13800.01|2.43|0.13|0.31
2020|5|VERDURAS DE HOJA|6841.86|17196.48|2.51|0.15|0.39
2020|5|BERENJENAS|8657.17|14486.43|1.67|0.2|0.33
2020|5|ZANAHORIAS|18777.18|17939.73|0.96|0.42|0.4
2020|5|CALABACINES|22178.88|30909.95|1.39|0.5|0.7
2020|5|OTR.HORTALIZAS/VERD.|44820.9|107773.2|2.4|1.01|2.43
2020|5|BROCOLI|5643.53|12334.69|2.19|0.13|0.28
2020|5|ALCACHOFAS|8275.98|15618.49|1.89|0.19|0.35
2020|5|APIO|2135.7|3179.19|1.49|0.05|0.07
2020|5|COLIFLOR|2334.43|4359.4|1.87|0.05|0.1
2020|5|VERD./HORT. IV GAMA|31297.45|81212.23|2.59|0.71|1.83
2020|5|PUERROS|4849.47|13266.44|2.74|0.11|0.3
2020|5|T.FRUTAS FRESCAS|436369.54|824313.75|1.89|9.85|18.6
2020|5|NARANJAS|92190.21|115749.9|1.26|2.08|2.61
2020|5|MANDARINAS|7867.32|17575.38|2.23|0.18|0.4
2020|5|LIMONES|12589.4|25441.15|2.02|0.28|0.57
2020|5|PLATANOS|65028.38|104530.9|1.61|1.47|2.36
2020|5|MANZANAS|51341.73|79358.92|1.55|1.16|1.79
2020|5|PERAS|21581.19|41075.02|1.9|0.49|0.93
2020|5|MELOCOTONES|7977.18|20275.06|2.54|0.18|0.46
2020|5|NECTARINAS|7603.2|15192.81|2.0|0.17|0.34
2020|5|ALBARICOQUES|15151.44|37672.28|2.49|0.34|0.85
2020|5|FRESONES|25004.67|66592.39|2.66|0.56|1.5
2020|5|MELONES|20909.24|36909.76|1.77|0.47|0.83
2020|5|SANDIAS|50005.58|66552.81|1.33|1.13|1.5
2020|5|CIRUELAS|1528.76|4602.39|3.01|0.03|0.1
2020|5|CEREZAS|6901.08|33252.57|4.82|0.16|0.75
2020|5|UVAS|3523.3|14411.5|4.09|0.08|0.33
2020|5|KIWI|12920.41|44456.28|3.44|0.29|1.0
2020|5|AGUACATE|7237.0|31131.73|4.3|0.16|0.7
2020|5|PIÑAS|8908.47|16085.13|1.81|0.2|0.36
2020|5|OTRAS FRUTAS FRESCAS|18100.97|53447.77|2.95|0.41|1.21
2020|5|POMELO|1269.96|2374.76|1.87|0.03|0.05
2020|5|CHIRIMOYAS|4.36|30.02|6.89|0.0|0.0
2020|5|MANGOS|3026.34|8571.0|2.83|0.07|0.19
2020|5|FRUTAS IV GAMA|16507.45|32747.53|1.98|0.37|0.74
2020|6|TOTAL PATATAS|118550.07|115773.81|0.98|2.68|2.61
2020|6|PATATAS FRESCAS|85621.93|77578.62|0.91|1.93|1.75
2020|6|PATATAS CONGELADAS|3684.93|5008.38|1.36|0.08|0.11
2020|6|PATATAS PROCESADAS|5848.64|33186.81|5.67|0.13|0.75
2020|6|PATATAS FRITAS|4989.75|31839.18|6.38|0.11|0.72
2020|6|T.HORTALIZAS FRESCAS|247215.64|471135.44|1.91|5.58|10.63
2020|6|TOMATES|66660.26|111147.6|1.67|1.5|2.51
2020|6|CEBOLLAS|30376.89|38315.4|1.26|0.69|0.86
2020|6|AJOS|3049.76|13271.96|4.35|0.07|0.3
2020|6|COLES|4628.83|5352.01|1.16|0.1|0.12
2020|6|PEPINOS|12863.51|18521.05|1.44|0.29|0.42
2020|6|JUDIAS VERDES|7050.12|23370.93|3.31|0.16|0.53
2020|6|PIMIENTOS|22352.62|45839.88|2.05|0.5|1.03
2020|6|CHAMPIÑONES|5323.71|22131.64|4.16|0.12|0.5
2020|6|LECHUGAS|18751.71|50562.32|2.7|0.42|1.14
2020|6|ESPARRAGOS|2592.73|7370.43|2.84|0.06|0.17
2020|6|VERDURAS DE HOJA|4494.24|12154.74|2.7|0.1|0.27
2020|6|BERENJENAS|8200.39|12939.44|1.58|0.19|0.29
2020|6|ZANAHORIAS|15131.89|14175.06|0.94|0.34|0.32
2020|6|CALABACINES|18255.28|24556.77|1.35|0.41|0.55
2020|6|OTR.HORTALIZAS/VERD.|27483.7|71426.21|2.6|0.62|1.61
2020|6|BROCOLI|3866.62|8971.51|2.32|0.09|0.2
2020|6|ALCACHOFAS|1744.45|3989.21|2.29|0.04|0.09
2020|6|APIO|1576.24|2509.62|1.59|0.04|0.06
2020|6|COLIFLOR|1271.52|2539.96|2.0|0.03|0.06
2020|6|VERD./HORT. IV GAMA|26704.91|69757.7|2.61|0.6|1.57
2020|6|PUERROS|3366.6|9224.31|2.74|0.08|0.21
2020|6|T.FRUTAS FRESCAS|428048.37|773987.98|1.81|9.66|17.47
2020|6|NARANJAS|49736.3|67633.83|1.36|1.12|1.53
2020|6|MANDARINAS|1025.19|2360.06|2.3|0.02|0.05
2020|6|LIMONES|11373.21|21177.94|1.86|0.26|0.48
2020|6|PLATANOS|50025.29|78843.02|1.58|1.13|1.78
2020|6|MANZANAS|34910.0|53885.14|1.54|0.79|1.22
2020|6|PERAS|13664.33|27535.25|2.02|0.31|0.62
2020|6|MELOCOTONES|22609.58|48789.88|2.16|0.51|1.1
2020|6|NECTARINAS|14247.22|27255.69|1.91|0.32|0.62
2020|6|ALBARICOQUES|13676.09|30637.71|2.24|0.31|0.69
2020|6|FRESONES|5078.56|16790.77|3.31|0.11|0.38
2020|6|MELONES|44967.09|68229.22|1.52|1.01|1.54
2020|6|SANDIAS|93346.52|93800.84|1.0|2.11|2.12
2020|6|CIRUELAS|5792.12|12285.44|2.12|0.13|0.28
2020|6|CEREZAS|19460.54|87420.19|4.49|0.44|1.97
2020|6|UVAS|2053.19|7171.09|3.49|0.05|0.16
2020|6|KIWI|9791.23|36168.06|3.69|0.22|0.82
2020|6|AGUACATE|7069.81|26025.15|3.68|0.16|0.59
2020|6|PIÑAS|7756.62|12755.64|1.64|0.18|0.29
2020|6|OTRAS FRUTAS FRESCAS|21465.48|55223.06|2.57|0.48|1.25
2020|6|POMELO|1465.01|2999.77|2.05|0.03|0.07
2020|6|CHIRIMOYAS|0.0|0.0|0.0|0.0|0.0
2020|6|MANGOS|2333.27|6429.56|2.76|0.05|0.15
2020|6|FRUTAS IV GAMA|15607.41|31143.27|2.0|0.35|0.7
2020|7|TOMATES|74111.99|120124.2|1.62|1.67|2.71
2020|7|CEBOLLAS|28290.45|35155.54|1.24|0.64|0.79
2020|7|LECHUGAS|17223.53|47468.82|2.76|0.39|1.07
2020|7|PIMIENTOS|22940.5|44005.62|1.92|0.52|0.99
2020|7|JUDIAS VERDES|9266.35|31458.49|3.39|0.21|0.71
2020|7|COLES|3315.25|3749.59|1.13|0.07|0.08
2020|7|NARANJAS|33012.21|46053.61|1.4|0.74|1.04
2020|7|MANDARINAS|718.23|1521.53|2.12|0.02|0.03
2020|7|LIMONES|9894.6|18370.43|1.86|0.22|0.41
2020|7|PLATANOS|42572.49|67823.14|1.59|0.96|1.53
2020|7|MANZANAS|25733.46|41543.94|1.61|0.58|0.94
2020|7|PERAS|10791.59|20791.84|1.93|0.24|0.47
2020|7|MELOCOTONES|34279.57|65720.55|1.92|0.77|1.48
2020|7|ALBARICOQUES|6350.3|14606.3|2.3|0.14|0.33
2020|7|FRESONES|1885.53|7824.46|4.15|0.04|0.18
2020|7|MELONES|75112.25|84902.47|1.13|1.69|1.92
2020|7|SANDIAS|121701.3|90727.77|0.75|2.74|2.05
2020|7|CIRUELAS|10601.36|21042.86|1.98|0.24|0.47
2020|7|CEREZAS|9249.03|47511.59|5.14|0.21|1.07
2020|7|UVAS|3613.12|11736.25|3.25|0.08|0.26
2020|7|KIWI|9410.67|34961.04|3.72|0.21|0.79
2020|7|PATATAS FRESCAS|90175.98|79025.45|0.88|2.03|1.78
2020|7|T.HORTALIZAS FRESCAS|242399.04|448389.61|1.85|5.46|10.11
2020|7|T.FRUTAS FRESCAS|451789.94|702647.2|1.56|10.18|15.85
2020|8|TOMATES|64452.71|105649.3|1.64|1.45|2.38
2020|8|CEBOLLAS|26491.05|33939.18|1.28|0.6|0.77
2020|8|LECHUGAS|15760.23|41983.69|2.66|0.36|0.95
2020|8|PIMIENTOS|23015.39|44520.41|1.93|0.52|1.0
2020|8|JUDIAS VERDES|6575.16|26406.77|4.02|0.15|0.6
2020|8|COLES|3460.95|3770.14|1.09|0.08|0.09
2020|8|NARANJAS|22936.44|39001.81|1.7|0.52|0.88
2020|8|MANDARINAS|1499.96|3048.43|2.03|0.03|0.07
2020|8|LIMONES|9354.49|18078.57|1.93|0.21|0.41
2020|8|PLATANOS|36262.03|58853.52|1.62|0.82|1.33
2020|8|MANZANAS|25307.8|40563.22|1.6|0.57|0.92
2020|8|PERAS|13387.91|24549.24|1.83|0.3|0.55
2020|8|MELOCOTONES|31865.5|59874.19|1.88|0.72|1.35
2020|8|ALBARICOQUES|1597.27|3676.89|2.3|0.04|0.08
2020|8|FRESONES|1312.5|6074.11|4.63|0.03|0.14
2020|8|MELONES|81329.97|80985.69|1.0|1.83|1.83
2020|8|SANDIAS|99670.37|66535.96|0.67|2.25|1.5
2020|8|CIRUELAS|11904.57|24050.41|2.02|0.27|0.54
2020|8|CEREZAS|931.26|5250.7|5.64|0.02|0.12
2020|8|UVAS|7799.39|20798.26|2.67|0.18|0.47
2020|8|KIWI|7943.37|30698.2|3.86|0.18|0.69
2020|8|PATATAS FRESCAS|74085.89|66028.82|0.89|1.67|1.49
2020|8|T.HORTALIZAS FRESCAS|217270.54|409019.27|1.88|4.9|9.23
2020|8|T.FRUTAS FRESCAS|401113.71|594976.88|1.48|9.04|13.42
2020|9|TOMATES|64894.57|115161.0|1.77|1.46|2.6
2020|9|CEBOLLAS|29660.96|36335.52|1.23|0.67|0.82
2020|9|LECHUGAS|15879.52|43313.25|2.73|0.36|0.98
2020|9|PIMIENTOS|27633.09|59697.46|2.16|0.62|1.35
2020|9|JUDIAS VERDES|6688.37|25314.37|3.78|0.15|0.57
2020|9|COLES|5498.32|6273.87|1.14|0.12|0.14
2020|9|NARANJAS|26007.96|47716.38|1.83|0.59|1.08
2020|9|MANDARINAS|5970.46|12196.5|2.04|0.13|0.28
2020|9|LIMONES|9375.09|18656.68|1.99|0.21|0.42
2020|9|PLATANOS|44651.93|73126.22|1.64|1.01|1.65
2020|9|MANZANAS|36432.66|58578.08|1.61|0.82|1.32
2020|9|PERAS|20333.21|34857.81|1.71|0.46|0.79
2020|9|MELOCOTONES|25601.73|55878.9|2.18|0.58|1.26
2020|9|ALBARICOQUES|290.57|528.15|1.82|0.01|0.01
2020|9|FRESONES|1381.92|5657.11|4.09|0.03|0.13
2020|9|MELONES|77570.51|72800.62|0.94|1.75|1.64
2020|9|SANDIAS|51830.72|45308.76|0.87|1.17|1.02
2020|9|CIRUELAS|12767.94|24875.1|1.95|0.29|0.56
2020|9|CEREZAS|402.31|1152.25|2.86|0.01|0.03
2020|9|UVAS|21201.95|52061.69|2.46|0.48|1.17
2020|9|KIWI|8909.03|35924.77|4.03|0.2|0.81
2020|9|PATATAS FRESCAS|84453.33|75146.3|0.89|1.9|1.7
2020|9|T.HORTALIZAS FRESCAS|244130.14|477824.67|1.96|5.5|10.78
2020|9|T.FRUTAS FRESCAS|385879.27|652149.54|1.69|8.7|14.71
2020|10|TOMATES|52238.0|96244.33|1.84|1.18|2.17
2020|10|CEBOLLAS|32327.0|40006.25|1.24|0.73|0.9
2020|10|LECHUGAS|16010.76|45169.75|2.82|0.36|1.02
2020|10|PIMIENTOS|26486.91|50703.32|1.91|0.6|1.14
2020|10|JUDIAS VERDES|8567.84|29662.35|3.46|0.19|0.67
2020|10|COLES|8010.26|8841.25|1.1|0.18|0.2
2020|10|NARANJAS|39240.26|64232.3|1.64|0.88|1.45
2020|10|MANDARINAS|32852.15|56137.96|1.71|0.74|1.27
2020|10|LIMONES|11153.38|20670.52|1.85|0.25|0.47
2020|10|PLATANOS|55264.94|93993.44|1.7|1.25|2.12
2020|10|MANZANAS|51560.58|80253.44|1.56|1.16|1.81
2020|10|PERAS|26084.68|44372.81|1.7|0.59|1.0
2020|10|MELOCOTONES|13165.82|32898.48|2.5|0.3|0.74
2020|10|ALBARICOQUES|155.39|205.96|1.33|0.0|0.0
2020|10|FRESONES|1218.29|4844.54|3.98|0.03|0.11
2020|10|MELONES|39737.51|44238.72|1.11|0.9|1.0
2020|10|SANDIAS|9421.45|9490.5|1.01|0.21|0.21
2020|10|CIRUELAS|7142.77|14346.21|2.01|0.16|0.32
2020|10|CEREZAS|220.04|632.4|2.87|0.0|0.01
2020|10|UVAS|25329.51|60093.95|2.37|0.57|1.36
2020|10|KIWI|12491.2|45432.94|3.64|0.28|1.02
2020|10|PATATAS FRESCAS|95916.0|83644.14|0.87|2.16|1.89
2020|10|T.HORTALIZAS FRESCAS|251090.91|496897.93|1.98|5.66|11.21
2020|10|T.FRUTAS FRESCAS|379017.2|712633.15|1.88|8.54|16.08
2020|11|TOMATES|48644.85|87551.48|1.8|1.1|1.97
2020|11|CEBOLLAS|29522.24|36553.32|1.24|0.67|0.82
2020|11|LECHUGAS|15583.43|41557.28|2.67|0.35|0.94
2020|11|PIMIENTOS|19530.12|37862.19|1.94|0.44|0.85
2020|11|JUDIAS VERDES|6589.62|21713.5|3.3|0.15|0.49
2020|11|COLES|8192.86|9311.09|1.14|0.18|0.21
2020|11|NARANJAS|60360.94|70234.89|1.16|1.36|1.58
2020|11|MANDARINAS|49106.58|72536.43|1.48|1.11|1.64
2020|11|LIMONES|9798.4|16479.61|1.68|0.22|0.37
2020|11|PLATANOS|54888.95|88693.86|1.62|1.24|2.0
2020|11|MANZANAS|43081.7|67602.74|1.57|0.97|1.52
2020|11|PERAS|23814.58|40425.63|1.7|0.54|0.91
2020|11|MELOCOTONES|1740.22|4549.97|2.61|0.04|0.1
2020|11|ALBARICOQUES|85.1|145.17|1.71|0.0|0.0
2020|11|FRESONES|938.76|4223.57|4.5|0.02|0.1
2020|11|MELONES|12929.44|19804.29|1.53|0.29|0.45
2020|11|SANDIAS|637.46|860.28|1.35|0.01|0.02
2020|11|CIRUELAS|2198.18|4372.42|1.99|0.05|0.1
2020|11|CEREZAS|95.29|538.92|5.66|0.0|0.01
2020|11|UVAS|15918.49|42755.62|2.69|0.36|0.96
2020|11|KIWI|12253.15|41949.06|3.42|0.28|0.95
2020|11|PATATAS FRESCAS|89679.98|76899.34|0.86|2.02|1.73
2020|11|T.HORTALIZAS FRESCAS|238554.47|472592.86|1.98|5.38|10.66
2020|11|T.FRUTAS FRESCAS|341351.65|597092.66|1.75|7.7|13.47
